0.0,37.944,24.287999999999997,53.232,38.85600000000001,34.15200000000001,40.632000000000005,36.912000000000006,30.528,36.984,39.912,36.984,8.880000000000003,12.576,49.104,37.608,17.568000000000005,34.751999999999995,37.39199999999999,34.751999999999995,24.287999999999997,34.751999999999995,38.97599999999999,8.016,31.319999999999997,40.536,24.744,30.816000000000003,59.663999999999994,49.464,34.391999999999996,34.63199999999999,31.488,34.63199999999999,14.928000000000004,19.032,37.39199999999999,33.40799999999999,30.288000000000004,33.40799999999999,19.416000000000004,59.831999999999994,33.96,25.776000000000003,39.912,48.096,60.336,52.104,31.488,11.856000000000003,30.288000000000004,27.335999999999995,39.912,27.551999999999996,39.912,19.512,24.744,19.512,24.287999999999997,19.512,8.880000000000003,16.799999999999994,39.912,7.967999999999996,37.39199999999999,20.615999999999996,49.104,35.087999999999994,40.632000000000005,29.592,39.912,36.024,39.912,30.552000000000003,38.97599999999999,30.552000000000003,33.96,19.05599999999999,31.319999999999997,59.736,59.663999999999994,59.736,24.287999999999997,9.912,14.928000000000004,9.912,24.287999999999997,50.831999999999994,30.288000000000004,50.831999999999994,37.39199999999999,22.824,37.39199999999999,22.824,31.319999999999997,16.224000000000004,31.488,54.21600000000001,39.912,34.632000000000005,0.0
37.944,0.0,29.543999999999997,31.032000000000004,21.552,36.96,18.432000000000002,31.944,17.688000000000002,40.8,5.951999999999996,40.8,29.063999999999997,25.368,15.144,75.55199999999999,41.111999999999995,56.952,59.59199999999999,56.952,29.543999999999997,56.952,76.91999999999999,45.959999999999994,53.519999999999996,62.736,62.688,53.16,21.719999999999995,11.520000000000001,39.552,56.831999999999994,6.455999999999999,56.831999999999994,28.055999999999997,46.176,59.59199999999999,55.60799999999999,67.08,55.60799999999999,18.527999999999995,37.632000000000005,28.991999999999997,12.167999999999997,5.951999999999996,10.152000000000001,22.392000000000003,29.904,6.455999999999999,40.104,67.08,65.28,5.951999999999996,50.328,5.951999999999996,41.712,62.688,41.712,29.543999999999997,41.712,29.063999999999997,39.0,5.951999999999996,37.704,59.59199999999999,49.248,15.144,57.288,18.432000000000002,8.352,5.951999999999996,2.496,5.951999999999996,34.368,76.91999999999999,34.368,28.991999999999997,41.25599999999999,53.519999999999996,21.792000000000005,21.719999999999995,21.792000000000005,29.543999999999997,32.112,28.055999999999997,32.112,29.543999999999997,21.192000000000004,67.08,21.192000000000004,59.59199999999999,53.519999999999996,59.59199999999999,53.519999999999996,53.519999999999996,29.496000000000002,6.455999999999999,32.016,5.951999999999996,72.57600000000001,37.944
24.287999999999997,29.543999999999997,0.0,60.576,46.199999999999996,41.495999999999995,47.976000000000006,12.624000000000008,11.855999999999995,44.327999999999996,23.592,44.327999999999996,15.407999999999994,15.743999999999996,24.816000000000003,61.895999999999994,27.455999999999992,27.408,30.048,27.408,0.0,27.408,63.263999999999996,32.303999999999995,23.976000000000003,33.192,49.032,39.504,35.376,26.759999999999994,10.104000000000001,27.288,27.599999999999994,27.288,22.272,32.519999999999996,30.048,26.063999999999997,53.42399999999999,26.063999999999997,25.895999999999997,67.176,41.304,30.191999999999993,23.592,32.832,36.04800000000001,59.44799999999999,27.599999999999994,26.447999999999993,53.42399999999999,51.623999999999995,23.592,36.672000000000004,23.592,12.168000000000008,49.032,12.168000000000008,0.0,12.168000000000008,15.407999999999994,20.543999999999997,23.592,24.048,30.048,35.59199999999999,24.816000000000003,27.744000000000003,47.976000000000006,33.431999999999995,23.592,32.04,23.592,6.2640000000000065,63.263999999999996,6.2640000000000065,41.304,26.447999999999997,23.976000000000003,35.44800000000001,35.376,35.44800000000001,0.0,15.911999999999997,22.272,15.911999999999997,0.0,26.544000000000004,53.42399999999999,26.544000000000004,30.048,39.864,30.048,39.864,23.976000000000003,23.567999999999994,27.599999999999994,61.559999999999995,23.592,58.92,24.287999999999997
53.232,31.032000000000004,60.576,0.0,14.375999999999998,19.08,15.287999999999997,62.976,48.720000000000006,17.688,36.984,17.688,49.632,44.832,46.176,53.20799999999999,35.663999999999994,87.98400000000001,90.624,87.98400000000001,60.576,87.98400000000001,54.672,55.967999999999996,84.552,93.768,39.576,30.048,44.832,34.632000000000005,70.584,87.86399999999999,32.976,87.86399999999999,38.304,72.264,90.624,86.64,43.967999999999996,86.64,34.68,11.4,19.272000000000002,30.384,36.984,33.264,45.504,7.4159999999999995,32.976,41.376000000000005,43.967999999999996,42.168,36.984,80.78399999999999,36.984,72.744,39.576,72.744,60.576,72.744,49.632,70.032,36.984,61.199999999999996,90.624,73.848,46.176,88.32000000000001,15.287999999999997,27.144,36.984,28.536,36.984,65.39999999999999,54.672,65.39999999999999,19.272000000000002,72.288,84.552,44.904,44.832,44.904,60.576,63.144000000000005,38.304,63.144000000000005,60.576,52.224000000000004,43.967999999999996,52.224000000000004,90.624,30.407999999999998,90.624,30.407999999999998,84.552,37.008,32.976,4.631999999999999,36.984,49.464,53.232
38.85600000000001,21.552,46.199999999999996,14.375999999999998,0.0,15.407999999999998,13.727999999999998,48.599999999999994,34.344,19.247999999999998,23.519999999999996,19.247999999999998,35.256,30.456000000000003,32.712,54.0,21.288,73.608,76.24799999999999,73.608,46.199999999999996,73.608,55.367999999999995,41.59199999999999,70.176,79.392,41.136,31.607999999999993,43.272,33.072,56.208,73.488,18.600000000000005,73.488,23.928,57.888000000000005,76.24799999999999,72.264,45.528,72.264,20.304000000000002,20.975999999999996,7.439999999999999,16.008000000000003,23.519999999999996,31.704,43.944,13.247999999999996,18.600000000000005,27.000000000000004,45.528,43.727999999999994,23.519999999999996,66.408,23.519999999999996,58.36800000000001,41.136,58.36800000000001,46.199999999999996,58.36800000000001,35.256,55.656,23.519999999999996,46.824000000000005,76.24799999999999,59.472,32.712,73.944,13.727999999999998,13.2,23.519999999999996,19.631999999999998,23.519999999999996,51.024,55.367999999999995,51.024,7.439999999999999,57.91199999999999,70.176,43.344,43.272,43.344,46.199999999999996,48.76800000000001,23.928,48.76800000000001,46.199999999999996,37.848000000000006,45.528,37.848000000000006,76.24799999999999,31.968,76.24799999999999,31.968,70.176,22.632,18.600000000000005,15.359999999999998,23.519999999999996,51.024,38.85600000000001
34.15200000000001,36.96,41.495999999999995,19.08,15.407999999999998,0.0,29.135999999999996,43.89600000000001,29.640000000000008,3.840000000000001,38.928,3.840000000000001,30.552000000000003,25.752,48.12,38.59199999999999,16.584000000000003,68.904,71.544,68.904,41.495999999999995,68.904,39.959999999999994,36.888,65.472,74.688,25.728000000000005,16.2,58.67999999999999,48.480000000000004,51.504,68.784,30.503999999999998,68.784,19.224000000000004,53.184000000000005,71.544,67.55999999999999,30.12,67.55999999999999,18.432000000000002,25.679999999999996,7.967999999999998,24.791999999999998,38.928,47.112,59.352,21.264,30.503999999999998,22.296000000000006,30.12,28.32,38.928,61.704,38.928,53.664000000000016,25.728000000000005,53.664000000000016,41.495999999999995,53.664000000000016,30.552000000000003,50.952000000000005,38.928,42.12000000000001,71.544,54.768,48.12,69.24,29.135999999999996,28.607999999999993,38.928,35.03999999999999,38.928,46.32000000000001,39.959999999999994,46.32000000000001,7.967999999999998,53.208,65.472,58.75200000000001,58.67999999999999,58.75200000000001,41.495999999999995,44.064000000000014,19.224000000000004,44.064000000000014,41.495999999999995,49.848000000000006,30.12,49.848000000000006,71.544,16.56,71.544,16.56,65.472,17.928000000000004,30.503999999999998,20.063999999999997,38.928,35.616,34.15200000000001
40.632000000000005,18.432000000000002,47.976000000000006,15.287999999999997,13.727999999999998,29.135999999999996,0.0,50.376000000000005,36.12,32.97599999999999,24.384,32.97599999999999,37.032000000000004,32.232,33.576,67.728,33.288,75.384,78.02399999999999,75.384,47.976000000000006,75.384,69.09599999999999,43.368,71.95200000000001,81.16799999999999,54.864,45.336,30.599999999999998,21.216000000000005,57.98400000000001,75.264,20.376000000000005,75.264,25.704,59.664,78.02399999999999,74.04,59.25599999999999,74.04,22.08,26.687999999999995,21.168,17.784,24.384,17.976,30.216,11.471999999999998,20.376000000000005,32.279999999999994,59.25599999999999,57.45599999999999,24.384,68.18400000000001,24.384,60.144000000000005,54.864,60.144000000000005,47.976000000000006,60.144000000000005,37.032000000000004,57.431999999999995,24.384,48.599999999999994,78.02399999999999,61.248000000000005,33.576,75.72000000000001,0.0,14.543999999999999,24.384,15.936,24.384,52.8,69.09599999999999,52.8,21.168,59.68799999999999,71.95200000000001,29.616000000000003,30.599999999999998,29.616000000000003,47.976000000000006,50.544000000000004,25.704,50.544000000000004,47.976000000000006,39.624,59.25599999999999,39.624,78.02399999999999,45.696,78.02399999999999,45.696,71.95200000000001,24.408,20.376000000000005,13.584,24.384,64.75200000000001,40.632000000000005
36.912000000000006,31.944,12.624000000000008,62.976,48.599999999999994,43.89600000000001,50.376000000000005,0.0,14.255999999999998,46.728,25.992000000000004,46.728,28.032000000000004,24.336000000000006,16.8,74.52000000000001,40.080000000000005,25.008,33.84,25.008,12.624000000000008,25.008,75.888,44.928000000000004,23.544,30.791999999999998,61.656000000000006,52.128,22.751999999999992,29.16,7.608,39.768,30.0,39.768,27.024,45.144000000000005,33.84,28.176,66.048,28.176,28.296,69.57600000000001,43.704,32.592000000000006,25.992000000000004,35.232,23.423999999999996,61.848000000000006,30.0,39.072,66.048,64.248,25.992000000000004,49.296000000000014,25.992000000000004,24.168000000000003,61.656000000000006,24.168000000000003,12.624000000000008,24.168000000000003,28.032000000000004,33.168000000000006,25.992000000000004,36.672000000000004,33.84,48.21600000000001,16.8,32.976,50.376000000000005,35.832,25.992000000000004,34.440000000000005,25.992000000000004,6.36,75.888,6.36,43.704,39.072,23.544,22.823999999999998,22.751999999999992,22.823999999999998,12.624000000000008,28.536000000000005,27.024,28.536000000000005,12.624000000000008,13.919999999999998,66.048,13.919999999999998,33.84,52.48800000000001,33.84,52.48800000000001,23.544,28.464000000000006,30.0,63.959999999999994,25.992000000000004,71.544,36.912000000000006
30.528,17.688000000000002,11.855999999999995,48.720000000000006,34.344,29.640000000000008,36.12,14.255999999999998,0.0,33.384,11.736000000000006,33.384,21.648,17.952,18.576,68.136,33.696,39.263999999999996,41.90399999999999,39.263999999999996,11.855999999999995,39.263999999999996,69.504,38.544000000000004,35.832,45.047999999999995,55.272,45.74400000000001,29.135999999999996,18.936,21.863999999999997,39.144,15.744,39.144,20.639999999999997,38.76,41.90399999999999,37.919999999999995,59.663999999999994,37.919999999999995,14.040000000000003,55.32000000000001,29.448,18.336000000000002,11.736000000000006,20.976000000000003,29.808000000000003,47.592000000000006,15.744,32.687999999999995,59.663999999999994,57.864,11.736000000000006,42.912000000000006,11.736000000000006,24.024,55.272,24.024,11.855999999999995,24.024,21.648,26.784,11.736000000000006,30.288,41.90399999999999,41.832,18.576,39.6,36.12,21.576000000000004,11.736000000000006,20.184,11.736000000000006,16.679999999999996,69.504,16.679999999999996,29.448,32.688,35.832,29.208000000000002,29.135999999999996,29.208000000000002,11.855999999999995,22.152,20.639999999999997,22.152,11.855999999999995,20.304000000000002,59.663999999999994,20.304000000000002,41.90399999999999,46.104,41.90399999999999,46.104,35.832,22.080000000000002,15.744,49.704,11.736000000000006,65.16,30.528
36.984,40.8,44.327999999999996,17.688,19.247999999999998,3.840000000000001,32.97599999999999,46.728,33.384,0.0,42.768,0.0,33.384,28.584,51.96,36.959999999999994,19.416,71.736,74.37599999999999,71.736,44.327999999999996,71.736,38.42399999999999,39.71999999999999,68.304,77.52,21.888,12.359999999999998,62.519999999999996,52.32,54.336,71.616,34.344,71.616,22.055999999999997,56.016000000000005,74.37599999999999,70.392,26.279999999999998,70.392,22.272000000000002,22.848,11.808,28.631999999999998,42.768,50.952,63.192,25.104,34.344,25.128,26.279999999999998,24.479999999999997,42.768,64.536,42.768,56.496,21.888,56.496,44.327999999999996,56.496,33.384,53.784,42.768,44.952,74.37599999999999,57.599999999999994,51.96,72.072,32.97599999999999,32.448,42.768,38.879999999999995,42.768,49.15200000000001,38.42399999999999,49.15200000000001,11.808,56.03999999999999,68.304,62.59200000000001,62.519999999999996,62.59200000000001,44.327999999999996,46.89600000000001,22.055999999999997,46.89600000000001,44.327999999999996,53.688,26.279999999999998,53.688,74.37599999999999,14.159999999999998,74.37599999999999,14.159999999999998,68.304,20.76,34.344,22.32,42.768,31.776000000000003,36.984
39.912,5.951999999999996,23.592,36.984,23.519999999999996,38.928,24.384,25.992000000000004,11.736000000000006,42.768,0.0,42.768,31.031999999999993,27.335999999999995,9.192000000000004,77.52,43.07999999999999,51.0,53.64,51.0,23.592,51.0,78.88799999999999,47.928,47.568,56.784000000000006,64.65599999999999,55.12799999999999,19.752,9.552000000000005,33.6,50.879999999999995,8.423999999999994,50.879999999999995,30.023999999999994,48.144000000000005,53.64,49.65599999999999,69.04799999999999,49.65599999999999,20.49599999999999,43.583999999999996,30.959999999999994,14.135999999999994,0.0,9.239999999999998,20.424000000000003,35.855999999999995,8.423999999999994,42.071999999999996,69.04799999999999,67.24799999999999,0.0,52.29600000000001,0.0,35.760000000000005,64.65599999999999,35.760000000000005,23.592,35.760000000000005,31.031999999999993,36.16799999999999,0.0,39.672000000000004,53.64,51.215999999999994,9.192000000000004,51.336,24.384,10.319999999999997,0.0,8.447999999999997,0.0,28.416000000000004,78.88799999999999,28.416000000000004,30.959999999999994,42.071999999999996,47.568,19.82400000000001,19.752,19.82400000000001,23.592,31.535999999999994,30.023999999999994,31.535999999999994,23.592,15.240000000000006,69.04799999999999,15.240000000000006,53.64,55.48799999999999,53.64,55.48799999999999,47.568,31.464,8.423999999999994,37.967999999999996,0.0,74.544,39.912
36.984,40.8,44.327999999999996,17.688,19.247999999999998,3.840000000000001,32.97599999999999,46.728,33.384,0.0,42.768,0.0,33.384,28.584,51.96,36.959999999999994,19.416,71.736,74.37599999999999,71.736,44.327999999999996,71.736,38.42399999999999,39.71999999999999,68.304,77.52,21.888,12.359999999999998,62.519999999999996,52.32,54.336,71.616,34.344,71.616,22.055999999999997,56.016000000000005,74.37599999999999,70.392,26.279999999999998,70.392,22.272000000000002,22.848,11.808,28.631999999999998,42.768,50.952,63.192,25.104,34.344,25.128,26.279999999999998,24.479999999999997,42.768,64.536,42.768,56.496,21.888,56.496,44.327999999999996,56.496,33.384,53.784,42.768,44.952,74.37599999999999,57.599999999999994,51.96,72.072,32.97599999999999,32.448,42.768,38.879999999999995,42.768,49.15200000000001,38.42399999999999,49.15200000000001,11.808,56.03999999999999,68.304,62.59200000000001,62.519999999999996,62.59200000000001,44.327999999999996,46.89600000000001,22.055999999999997,46.89600000000001,44.327999999999996,53.688,26.279999999999998,53.688,74.37599999999999,14.159999999999998,74.37599999999999,14.159999999999998,68.304,20.76,34.344,22.32,42.768,31.776000000000003,36.984
8.880000000000003,29.063999999999997,15.407999999999994,49.632,35.256,30.552000000000003,37.032000000000004,28.032000000000004,21.648,33.384,31.031999999999993,33.384,0.0,4.8,40.224,46.488,13.968,38.352,40.992,38.352,15.407999999999994,38.352,47.856,16.896,34.92,44.136,33.624,27.216,50.78399999999999,40.583999999999996,25.511999999999997,38.232,22.608,38.232,11.328000000000001,22.632,40.992,37.007999999999996,38.016,37.007999999999996,14.952,56.232,30.36,19.247999999999998,31.031999999999993,39.216,51.456,48.504,22.608,11.04,38.016,36.216,31.031999999999993,31.152,31.031999999999993,23.112000000000005,33.624,23.112000000000005,15.407999999999994,23.112000000000005,0.0,20.4,31.031999999999993,11.568,40.992,24.215999999999998,40.224,38.688,37.032000000000004,22.488000000000003,31.031999999999993,27.144,31.031999999999993,21.672,47.856,21.672,30.36,22.655999999999995,34.92,50.856,50.78399999999999,50.856,15.407999999999994,13.512000000000006,11.328000000000001,13.512000000000006,15.407999999999994,41.952,38.016,41.952,40.992,24.456000000000003,40.992,24.456000000000003,34.92,12.623999999999999,22.608,50.616,31.031999999999993,43.51200000000001,8.880000000000003
12.576,25.368,15.743999999999996,44.832,30.456000000000003,25.752,32.232,24.336000000000006,17.952,28.584,27.335999999999995,28.584,4.8,0.0,36.528,50.184,15.743999999999996,43.152,45.791999999999994,43.152,15.743999999999996,43.152,51.552,20.592,39.72,48.936,37.32,27.791999999999998,47.087999999999994,36.888,25.752,43.032,18.912000000000003,43.032,6.528000000000001,27.432000000000002,45.791999999999994,41.80799999999999,41.711999999999996,41.80799999999999,10.152000000000001,51.431999999999995,25.56,14.448,27.335999999999995,35.52,47.760000000000005,43.704,18.912000000000003,14.735999999999997,41.711999999999996,39.912,27.335999999999995,35.952,27.335999999999995,27.912000000000006,37.32,27.912000000000006,15.743999999999996,27.912000000000006,4.8,25.2,27.335999999999995,16.368,45.791999999999994,29.016,36.528,43.488,32.232,17.688000000000002,27.335999999999995,23.448000000000004,27.335999999999995,20.568,51.552,20.568,25.56,27.455999999999992,39.72,47.160000000000004,47.087999999999994,47.160000000000004,15.743999999999996,18.312000000000005,6.528000000000001,18.312000000000005,15.743999999999996,38.256,41.711999999999996,38.256,45.791999999999994,28.152,45.791999999999994,28.152,39.72,7.823999999999999,18.912000000000003,45.815999999999995,27.335999999999995,47.208000000000006,12.576
49.104,15.144,24.816000000000003,46.176,32.712,48.12,33.576,16.8,18.576,51.96,9.192000000000004,51.96,40.224,36.528,0.0,86.712,52.272,41.808,46.032000000000004,41.808,24.816000000000003,41.808,88.08,57.12,38.376,47.592000000000006,73.848,64.32,10.559999999999997,12.36,24.407999999999998,51.959999999999994,17.616,51.959999999999994,39.216,57.336,46.032000000000004,40.46399999999999,78.24,40.46399999999999,29.687999999999995,52.776,40.152,23.327999999999996,9.192000000000004,18.432000000000002,11.232000000000001,45.047999999999995,17.616,51.263999999999996,78.24,76.44,9.192000000000004,61.48800000000001,9.192000000000004,36.36,73.848,36.36,24.816000000000003,36.36,40.224,45.35999999999999,9.192000000000004,48.864,46.032000000000004,60.408,0.0,45.16799999999999,33.576,19.512,9.192000000000004,17.64,9.192000000000004,19.224,88.08,19.224,40.152,51.263999999999996,38.376,10.632000000000003,10.559999999999997,10.632000000000003,24.816000000000003,40.727999999999994,39.216,40.727999999999994,24.816000000000003,6.048000000000001,78.24,6.048000000000001,46.032000000000004,64.68,46.032000000000004,64.68,38.376,40.656,17.616,47.16,9.192000000000004,83.736,49.104
37.608,75.55199999999999,61.895999999999994,53.20799999999999,54.0,38.59199999999999,67.728,74.52000000000001,68.136,36.959999999999994,77.52,36.959999999999994,46.488,50.184,86.712,0.0,34.440000000000005,59.928,40.68,59.928,61.895999999999994,59.928,1.4639999999999986,29.591999999999995,50.976,51.696000000000005,16.56,30.791999999999998,97.27199999999999,87.072,72.0,34.752,69.09599999999999,34.752,47.495999999999995,29.375999999999994,40.68,46.344,30.263999999999996,46.344,57.023999999999994,59.80799999999999,46.559999999999995,63.384,77.52,85.704,97.944,59.856,69.09599999999999,35.448,30.263999999999996,22.464,77.52,27.576000000000004,77.52,50.352,16.56,50.352,61.895999999999994,50.352,46.488,41.352,77.52,37.848,40.68,26.304000000000002,86.712,41.544000000000004,67.728,67.2,77.52,73.63199999999999,77.52,68.16,1.4639999999999986,68.16,46.559999999999995,35.448,50.976,97.344,97.27199999999999,97.344,61.895999999999994,45.984,47.495999999999995,45.984,61.895999999999994,88.44,30.263999999999996,88.44,40.68,22.8,40.68,22.8,50.976,46.05599999999999,69.09599999999999,57.072,77.52,15.071999999999994,37.608
17.568000000000005,41.111999999999995,27.455999999999992,35.663999999999994,21.288,16.584000000000003,33.288,40.080000000000005,33.696,19.416,43.07999999999999,19.416,13.968,15.743999999999996,52.272,34.440000000000005,0.0,52.32000000000001,54.959999999999994,52.32000000000001,27.455999999999992,52.32000000000001,35.808,20.304,48.888,58.104,21.576000000000004,13.248000000000001,62.831999999999994,52.632,37.559999999999995,52.199999999999996,34.656,52.199999999999996,13.055999999999997,36.6,54.959999999999994,50.97599999999999,25.968,50.97599999999999,22.584,42.263999999999996,16.392,28.943999999999996,43.07999999999999,51.263999999999996,63.504,34.536,34.656,5.7120000000000015,25.968,24.168,43.07999999999999,45.12,43.07999999999999,37.080000000000005,21.576000000000004,37.080000000000005,27.455999999999992,37.080000000000005,13.968,34.368,43.07999999999999,25.536,54.959999999999994,38.184,52.272,52.656,33.288,32.76,43.07999999999999,39.19199999999999,43.07999999999999,33.72,35.808,33.72,16.392,36.623999999999995,48.888,62.903999999999996,62.831999999999994,62.903999999999996,27.455999999999992,27.480000000000004,13.055999999999997,27.480000000000004,27.455999999999992,54.0,25.968,54.0,54.959999999999994,12.408000000000001,54.959999999999994,12.408000000000001,48.888,11.615999999999994,34.656,36.647999999999996,43.07999999999999,31.464000000000006,17.568000000000005
34.751999999999995,56.952,27.408,87.98400000000001,73.608,68.904,75.384,25.008,39.263999999999996,71.736,51.0,71.736,38.352,43.152,41.808,59.928,52.32000000000001,0.0,19.247999999999998,0.0,27.408,0.0,61.29599999999999,32.016000000000005,8.951999999999993,8.23199999999999,51.336,65.568,44.784,54.168,17.4,25.175999999999995,55.008,25.175999999999995,49.68000000000001,30.551999999999996,19.247999999999998,13.58399999999999,65.04,13.58399999999999,53.304,94.584,68.712,57.599999999999994,51.0,60.24,45.504,86.856,55.008,46.608000000000004,65.04,57.24,51.0,34.704,51.0,15.239999999999995,51.336,15.239999999999995,27.408,15.239999999999995,38.352,18.575999999999997,51.0,26.784,19.247999999999998,33.623999999999995,41.808,18.38399999999999,75.384,60.84,51.0,59.44800000000001,51.0,22.584,61.29599999999999,22.584,68.712,24.479999999999997,8.951999999999993,46.296,44.784,46.296,27.408,24.839999999999993,49.68000000000001,24.839999999999993,27.408,35.76,65.04,35.76,19.247999999999998,57.576,19.247999999999998,57.576,8.951999999999993,50.976,55.008,88.968,51.0,56.952,34.751999999999995
37.39199999999999,59.59199999999999,30.048,90.624,76.24799999999999,71.544,78.02399999999999,33.84,41.90399999999999,74.37599999999999,53.64,74.37599999999999,40.992,45.791999999999994,46.032000000000004,40.68,54.959999999999994,19.247999999999998,0.0,19.247999999999998,30.048,19.247999999999998,42.047999999999995,34.656,10.296000000000006,11.016000000000007,53.97599999999999,68.208,56.592,56.80799999999999,31.32,5.927999999999997,57.64799999999999,5.927999999999997,52.31999999999999,18.359999999999992,0.0,5.664000000000007,67.67999999999999,5.664000000000007,55.943999999999996,97.22399999999999,71.35199999999999,60.24,53.64,62.879999999999995,57.264,89.496,57.64799999999999,49.24799999999999,67.67999999999999,59.879999999999995,53.64,15.456000000000003,53.64,17.87999999999999,53.97599999999999,17.87999999999999,30.048,17.87999999999999,40.992,20.591999999999995,53.64,29.423999999999992,0.0,16.775999999999996,46.032000000000004,2.3039999999999936,78.02399999999999,63.48,53.64,62.087999999999994,53.64,27.480000000000004,42.047999999999995,27.480000000000004,71.35199999999999,18.336000000000002,10.296000000000006,56.664,56.592,56.664,30.048,27.47999999999999,52.31999999999999,27.47999999999999,30.048,47.760000000000005,67.67999999999999,47.760000000000005,0.0,60.215999999999994,0.0,60.215999999999994,10.296000000000006,53.615999999999985,57.64799999999999,91.608,53.64,52.48799999999999,37.39199999999999
34.751999999999995,56.952,27.408,87.98400000000001,73.608,68.904,75.384,25.008,39.263999999999996,71.736,51.0,71.736,38.352,43.152,41.808,59.928,52.32000000000001,0.0,19.247999999999998,0.0,27.408,0.0,61.29599999999999,32.016000000000005,8.951999999999993,8.23199999999999,51.336,65.568,44.784,54.168,17.4,25.175999999999995,55.008,25.175999999999995,49.68000000000001,30.551999999999996,19.247999999999998,13.58399999999999,65.04,13.58399999999999,53.304,94.584,68.712,57.599999999999994,51.0,60.24,45.504,86.856,55.008,46.608000000000004,65.04,57.24,51.0,34.704,51.0,15.239999999999995,51.336,15.239999999999995,27.408,15.239999999999995,38.352,18.575999999999997,51.0,26.784,19.247999999999998,33.623999999999995,41.808,18.38399999999999,75.384,60.84,51.0,59.44800000000001,51.0,22.584,61.29599999999999,22.584,68.712,24.479999999999997,8.951999999999993,46.296,44.784,46.296,27.408,24.839999999999993,49.68000000000001,24.839999999999993,27.408,35.76,65.04,35.76,19.247999999999998,57.576,19.247999999999998,57.576,8.951999999999993,50.976,55.008,88.968,51.0,56.952,34.751999999999995
24.287999999999997,29.543999999999997,0.0,60.576,46.199999999999996,41.495999999999995,47.976000000000006,12.624000000000008,11.855999999999995,44.327999999999996,23.592,44.327999999999996,15.407999999999994,15.743999999999996,24.816000000000003,61.895999999999994,27.455999999999992,27.408,30.048,27.408,0.0,27.408,63.263999999999996,32.303999999999995,23.976000000000003,33.192,49.032,39.504,35.376,26.759999999999994,10.104000000000001,27.288,27.599999999999994,27.288,22.272,32.519999999999996,30.048,26.063999999999997,53.42399999999999,26.063999999999997,25.895999999999997,67.176,41.304,30.191999999999993,23.592,32.832,36.04800000000001,59.44799999999999,27.599999999999994,26.447999999999993,53.42399999999999,51.623999999999995,23.592,36.672000000000004,23.592,12.168000000000008,49.032,12.168000000000008,0.0,12.168000000000008,15.407999999999994,20.543999999999997,23.592,24.048,30.048,35.59199999999999,24.816000000000003,27.744000000000003,47.976000000000006,33.431999999999995,23.592,32.04,23.592,6.2640000000000065,63.263999999999996,6.2640000000000065,41.304,26.447999999999997,23.976000000000003,35.44800000000001,35.376,35.44800000000001,0.0,15.911999999999997,22.272,15.911999999999997,0.0,26.544000000000004,53.42399999999999,26.544000000000004,30.048,39.864,30.048,39.864,23.976000000000003,23.567999999999994,27.599999999999994,61.559999999999995,23.592,58.92,24.287999999999997
34.751999999999995,56.952,27.408,87.98400000000001,73.608,68.904,75.384,25.008,39.263999999999996,71.736,51.0,71.736,38.352,43.152,41.808,59.928,52.32000000000001,0.0,19.247999999999998,0.0,27.408,0.0,61.29599999999999,32.016000000000005,8.951999999999993,8.23199999999999,51.336,65.568,44.784,54.168,17.4,25.175999999999995,55.008,25.175999999999995,49.68000000000001,30.551999999999996,19.247999999999998,13.58399999999999,65.04,13.58399999999999,53.304,94.584,68.712,57.599999999999994,51.0,60.24,45.504,86.856,55.008,46.608000000000004,65.04,57.24,51.0,34.704,51.0,15.239999999999995,51.336,15.239999999999995,27.408,15.239999999999995,38.352,18.575999999999997,51.0,26.784,19.247999999999998,33.623999999999995,41.808,18.38399999999999,75.384,60.84,51.0,59.44800000000001,51.0,22.584,61.29599999999999,22.584,68.712,24.479999999999997,8.951999999999993,46.296,44.784,46.296,27.408,24.839999999999993,49.68000000000001,24.839999999999993,27.408,35.76,65.04,35.76,19.247999999999998,57.576,19.247999999999998,57.576,8.951999999999993,50.976,55.008,88.968,51.0,56.952,34.751999999999995
38.97599999999999,76.91999999999999,63.263999999999996,54.672,55.367999999999995,39.959999999999994,69.09599999999999,75.888,69.504,38.42399999999999,78.88799999999999,38.42399999999999,47.856,51.552,88.08,1.4639999999999986,35.808,61.29599999999999,42.047999999999995,61.29599999999999,63.263999999999996,61.29599999999999,0.0,30.959999999999994,52.344,53.06400000000001,18.023999999999997,32.256,98.63999999999999,88.44,73.368,36.12,70.464,36.12,48.864,30.743999999999996,42.047999999999995,47.712,31.727999999999994,47.712,58.391999999999996,61.272,47.928,64.752,78.88799999999999,87.072,99.312,61.224000000000004,70.464,36.815999999999995,31.727999999999994,23.927999999999997,78.88799999999999,26.591999999999995,78.88799999999999,51.72,18.023999999999997,51.72,63.263999999999996,51.72,47.856,42.72,78.88799999999999,39.216,42.047999999999995,27.672,88.08,42.912000000000006,69.09599999999999,68.568,78.88799999999999,75.0,78.88799999999999,69.528,0.0,69.528,47.928,36.815999999999995,52.344,98.712,98.63999999999999,98.712,63.263999999999996,47.352,48.864,47.352,63.263999999999996,89.808,31.727999999999994,89.808,42.047999999999995,24.263999999999996,42.047999999999995,24.263999999999996,52.344,47.42399999999999,70.464,58.44,78.88799999999999,16.53599999999999,38.97599999999999
8.016,45.959999999999994,32.303999999999995,55.967999999999996,41.59199999999999,36.888,43.368,44.928000000000004,38.544000000000004,39.71999999999999,47.928,39.71999999999999,16.896,20.592,57.12,29.591999999999995,20.304,32.016000000000005,34.656,32.016000000000005,32.303999999999995,32.016000000000005,30.959999999999994,0.0,28.584000000000003,37.800000000000004,19.319999999999997,33.55199999999999,67.67999999999999,57.480000000000004,42.408,31.896,39.504,31.896,17.904,16.296000000000006,34.656,30.671999999999997,33.024,30.671999999999997,27.432000000000002,62.568,36.696,33.792,47.928,56.112,68.352,54.84,39.504,14.591999999999995,33.024,25.223999999999997,47.928,24.816000000000003,47.928,20.76,19.319999999999997,20.76,32.303999999999995,20.76,16.896,14.064000000000002,47.928,8.255999999999998,34.656,17.880000000000003,57.12,32.352000000000004,43.368,37.608,47.928,44.04,47.928,38.568,30.959999999999994,38.568,36.696,16.319999999999997,28.584000000000003,67.75200000000001,67.67999999999999,67.75200000000001,32.303999999999995,16.392,17.904,16.392,32.303999999999995,58.848000000000006,33.024,58.848000000000006,34.656,25.559999999999995,34.656,25.559999999999995,28.584000000000003,18.959999999999997,39.504,56.952,47.928,26.616000000000003,8.016
31.319999999999997,53.519999999999996,23.976000000000003,84.552,70.176,65.472,71.95200000000001,23.544,35.832,68.304,47.568,68.304,34.92,39.72,38.376,50.976,48.888,8.951999999999993,10.296000000000006,8.951999999999993,23.976000000000003,8.951999999999993,52.344,28.584000000000003,0.0,9.216,47.904,62.135999999999996,46.295999999999985,50.736,21.023999999999994,16.224000000000004,51.576,16.224000000000004,46.248000000000005,21.600000000000005,10.296000000000006,4.631999999999999,61.608000000000004,4.631999999999999,49.872,91.152,65.28,54.168,47.568,56.808,46.967999999999996,83.424,51.576,43.176,61.608000000000004,53.808,47.568,25.75200000000001,47.568,11.807999999999995,47.904,11.807999999999995,23.976000000000003,11.807999999999995,34.92,14.520000000000001,47.568,23.352,10.296000000000006,24.672,38.376,9.431999999999999,71.95200000000001,57.408,47.568,56.016000000000005,47.568,19.152,52.344,19.152,65.28,15.528000000000006,0.0,46.368,46.295999999999985,46.368,23.976000000000003,21.407999999999994,46.248000000000005,21.407999999999994,23.976000000000003,37.464,61.608000000000004,37.464,10.296000000000006,54.144000000000005,10.296000000000006,54.144000000000005,0.0,47.544000000000004,51.576,85.536,47.568,48.00000000000001,31.319999999999997
40.536,62.736,33.192,93.768,79.392,74.688,81.16799999999999,30.791999999999998,45.047999999999995,77.52,56.784000000000006,77.52,44.136,48.936,47.592000000000006,51.696000000000005,58.104,8.23199999999999,11.016000000000007,8.23199999999999,33.192,8.23199999999999,53.06400000000001,37.800000000000004,9.216,0.0,57.12,71.352,50.568000000000005,59.952,23.184,16.944000000000006,60.791999999999994,16.944000000000006,55.464,22.320000000000004,11.016000000000007,7.128000000000005,70.824,7.128000000000005,59.088,100.368,74.49600000000001,63.38400000000001,56.784000000000006,66.024,51.288,92.64,60.791999999999994,52.391999999999996,70.824,63.024,56.784000000000006,26.47200000000001,56.784000000000006,21.023999999999994,57.12,21.023999999999994,33.192,21.023999999999994,44.136,23.736,56.784000000000006,32.568,11.016000000000007,25.392000000000003,47.592000000000006,10.152000000000001,81.16799999999999,66.624,56.784000000000006,65.232,56.784000000000006,28.368,53.06400000000001,28.368,74.49600000000001,21.480000000000008,9.216,52.08,50.568000000000005,52.08,33.192,30.623999999999995,55.464,30.623999999999995,33.192,41.544,70.824,41.544,11.016000000000007,63.36,11.016000000000007,63.36,9.216,56.75999999999999,60.791999999999994,94.75200000000001,56.784000000000006,55.632,40.536
24.744,62.688,49.032,39.576,41.136,25.728000000000005,54.864,61.656000000000006,55.272,21.888,64.65599999999999,21.888,33.624,37.32,73.848,16.56,21.576000000000004,51.336,53.97599999999999,51.336,49.032,51.336,18.023999999999997,19.319999999999997,47.904,57.12,0.0,14.232000000000001,84.408,74.208,59.135999999999996,51.215999999999994,56.232,51.215999999999994,34.632000000000005,35.616,53.97599999999999,49.99199999999999,13.704,49.99199999999999,44.160000000000004,43.248,33.696,50.52000000000001,64.65599999999999,72.84,85.08,46.992000000000004,56.232,22.584000000000003,13.704,5.904000000000002,64.65599999999999,44.136,64.65599999999999,37.488,0.0,37.488,49.032,37.488,33.624,33.384,64.65599999999999,24.983999999999998,53.97599999999999,37.199999999999996,73.848,51.672,54.864,54.336,64.65599999999999,60.768,64.65599999999999,55.29600000000001,18.023999999999997,55.29600000000001,33.696,35.63999999999999,47.904,84.48,84.408,84.48,49.032,33.12,34.632000000000005,33.12,49.032,75.57600000000001,13.704,75.57600000000001,53.97599999999999,9.168000000000003,53.97599999999999,9.168000000000003,47.904,33.192,56.232,44.208000000000006,64.65599999999999,9.888000000000002,24.744
30.816000000000003,53.16,39.504,30.048,31.607999999999993,16.2,45.336,52.128,45.74400000000001,12.359999999999998,55.12799999999999,12.359999999999998,27.216,27.791999999999998,64.32,30.791999999999998,13.248000000000001,65.568,68.208,65.568,39.504,65.568,32.256,33.55199999999999,62.135999999999996,71.352,14.232000000000001,0.0,74.88,64.68,49.608000000000004,65.44800000000001,46.704,65.44800000000001,25.103999999999996,49.848000000000006,68.208,64.22399999999999,13.919999999999998,64.22399999999999,34.632,29.016,24.168,40.992,55.12799999999999,63.312000000000005,75.55199999999999,37.464,46.704,18.96,13.919999999999998,12.12,55.12799999999999,58.367999999999995,55.12799999999999,50.32800000000001,14.232000000000001,50.32800000000001,39.504,50.32800000000001,27.216,47.61600000000001,55.12799999999999,38.784000000000006,68.208,51.431999999999995,64.32,65.904,45.336,44.808,55.12799999999999,51.239999999999995,55.12799999999999,45.768,32.256,45.768,24.168,49.872,62.135999999999996,74.95200000000001,74.88,74.95200000000001,39.504,40.728000000000016,25.103999999999996,40.728000000000016,39.504,66.048,13.919999999999998,66.048,68.208,7.992,68.208,7.992,62.135999999999996,23.663999999999998,46.704,34.68,55.12799999999999,19.416000000000004,30.816000000000003
59.663999999999994,21.719999999999995,35.376,44.832,43.272,58.67999999999999,30.599999999999998,22.751999999999992,29.135999999999996,62.519999999999996,19.752,62.519999999999996,50.78399999999999,47.087999999999994,10.559999999999997,97.27199999999999,62.831999999999994,44.784,56.592,44.784,35.376,44.784,98.63999999999999,67.67999999999999,46.295999999999985,50.568000000000005,84.408,74.88,0.0,10.199999999999996,27.384000000000004,62.51999999999999,28.175999999999995,62.51999999999999,49.775999999999996,67.896,56.592,50.92799999999998,88.8,50.92799999999998,40.24799999999999,56.232,50.711999999999996,33.88799999999999,19.752,15.455999999999996,0.7199999999999953,42.071999999999996,28.175999999999995,61.82399999999999,88.8,87.0,19.752,72.048,19.752,46.919999999999995,84.408,46.919999999999995,35.376,46.919999999999995,50.78399999999999,55.92,19.752,59.424,56.592,70.968,10.559999999999997,55.72799999999999,30.599999999999998,30.071999999999996,19.752,23.639999999999993,19.752,29.11199999999999,98.63999999999999,29.11199999999999,50.711999999999996,61.82399999999999,46.295999999999985,1.5119999999999927,0.0,1.5119999999999927,35.376,51.28799999999999,49.775999999999996,51.28799999999999,35.376,9.024000000000006,88.8,9.024000000000006,56.592,75.24,56.592,75.24,46.295999999999985,51.215999999999994,28.175999999999995,44.18399999999999,19.752,94.296,59.663999999999994
49.464,11.520000000000001,26.759999999999994,34.632000000000005,33.072,48.480000000000004,21.216000000000005,29.16,18.936,52.32,9.552000000000005,52.32,40.583999999999996,36.888,12.36,87.072,52.632,54.168,56.80799999999999,54.168,26.759999999999994,54.168,88.44,57.480000000000004,50.736,59.952,74.208,64.68,10.199999999999996,0.0,36.768,54.047999999999995,17.976,54.047999999999995,39.576,57.696,56.80799999999999,52.82399999999999,78.6,52.82399999999999,30.048,46.032,40.51200000000001,23.688000000000002,9.552000000000005,6.072000000000001,10.872,32.688,17.976,51.623999999999995,78.6,76.8,9.552000000000005,61.848000000000006,9.552000000000005,38.928000000000004,74.208,38.928000000000004,26.759999999999994,38.928000000000004,40.583999999999996,45.72,9.552000000000005,49.224000000000004,56.80799999999999,60.768,12.36,54.504,21.216000000000005,19.872000000000003,9.552000000000005,13.440000000000001,9.552000000000005,31.584,88.44,31.584,40.51200000000001,51.624,50.736,10.272000000000002,10.199999999999996,10.272000000000002,26.759999999999994,41.088,39.576,41.088,26.759999999999994,18.408,78.6,18.408,56.80799999999999,65.04,56.80799999999999,65.04,50.736,41.016000000000005,17.976,34.8,9.552000000000005,84.09600000000002,49.464
34.391999999999996,39.552,10.104000000000001,70.584,56.208,51.504,57.98400000000001,7.608,21.863999999999997,54.336,33.6,54.336,25.511999999999997,25.752,24.407999999999998,72.0,37.559999999999995,17.4,31.32,17.4,10.104000000000001,17.4,73.368,42.408,21.023999999999994,23.184,59.135999999999996,49.608000000000004,27.384000000000004,36.768,0.0,37.248,37.608,37.248,32.28,42.623999999999995,31.32,25.65599999999999,63.52799999999999,25.65599999999999,35.904,77.18400000000001,51.312000000000005,40.199999999999996,33.6,42.84,28.104,69.456,37.608,36.55199999999999,63.52799999999999,61.727999999999994,33.6,46.776,33.6,21.648,59.135999999999996,21.648,10.104000000000001,21.648,25.511999999999997,30.647999999999996,33.6,34.152,31.32,45.696,24.407999999999998,30.455999999999992,57.98400000000001,43.440000000000005,33.6,42.04800000000001,33.6,5.184,73.368,5.184,51.312000000000005,36.552,21.023999999999994,28.895999999999997,27.384000000000004,28.895999999999997,10.104000000000001,26.016,32.28,26.016,10.104000000000001,18.36,63.52799999999999,18.36,31.32,49.967999999999996,31.32,49.967999999999996,21.023999999999994,33.576,37.608,71.568,33.6,69.024,34.391999999999996
