0.0,26.975999999999996,54.72,41.376,77.688,22.44,27.191999999999993,60.023999999999994,19.032,34.872,45.864,34.29600000000001,28.439999999999998,32.904,19.536,32.904,33.672000000000004,32.904,35.279999999999994,37.152,80.39999999999999,10.607999999999999,55.15200000000001,13.176,46.080000000000005,58.488,46.080000000000005,58.488,55.15200000000001,58.488,44.76,14.591999999999999,30.432,26.975999999999996,38.928000000000004,27.983999999999998,38.928000000000004,27.983999999999998,44.76,27.983999999999998,30.432,24.527999999999995,45.864,24.527999999999995,33.672000000000004,8.111999999999995,10.656,31.512000000000004,34.67999999999999,63.768,55.15200000000001,63.768,70.824,63.768,19.536,41.160000000000004,45.984,34.919999999999995,46.05599999999999,63.384,35.279999999999994,63.384,70.824,20.375999999999994,0.0,20.375999999999994,30.432,3.3120000000000016,45.984,64.416,46.080000000000005,58.199999999999996,19.536,58.199999999999996,55.15200000000001,49.91999999999999,54.72,49.91999999999999,45.864,9.767999999999995,54.72,70.344,45.984,32.376,70.824,64.728,45.984,56.376000000000005,55.15200000000001,50.352,38.928000000000004,33.74399999999999,45.864,2.639999999999997,45.864,2.639999999999997,38.928000000000004,2.639999999999997,28.439999999999998,2.639999999999997,0.0
26.975999999999996,0.0,52.99199999999999,25.103999999999992,50.712,45.19199999999999,15.719999999999992,58.29599999999999,46.008,29.976,24.888,18.072,55.416,5.928000000000002,35.232,5.928000000000002,35.4,5.928000000000002,37.007999999999996,18.24,53.42400000000001,37.583999999999996,28.17600000000001,29.879999999999995,19.104000000000006,56.75999999999999,19.104000000000006,56.75999999999999,28.17600000000001,56.75999999999999,27.048,41.568,22.751999999999995,0.0,37.44,1.0079999999999998,37.44,1.0079999999999998,27.048,1.0079999999999998,22.751999999999995,26.255999999999993,24.888,26.255999999999993,35.4,27.215999999999998,16.319999999999997,20.519999999999996,36.407999999999994,36.792,28.17600000000001,36.792,43.848000000000006,36.792,35.232,14.184000000000005,28.272,36.647999999999996,47.78399999999999,36.408,37.007999999999996,36.408,43.848000000000006,22.103999999999996,26.975999999999996,22.103999999999996,22.751999999999995,25.584,28.272,37.44,19.104000000000006,31.224000000000004,35.232,31.224000000000004,28.17600000000001,30.72,52.99199999999999,30.72,24.888,24.072000000000003,52.99199999999999,43.368,28.272,29.976000000000003,43.848000000000006,37.751999999999995,28.272,54.648,28.17600000000001,25.008,37.44,35.471999999999994,24.888,28.319999999999997,24.888,28.319999999999997,37.44,28.319999999999997,55.416,28.319999999999997,26.975999999999996
54.72,52.99199999999999,0.0,78.09599999999999,63.0,32.903999999999996,68.71199999999999,5.303999999999998,42.35999999999999,23.016,31.176,71.064,44.376000000000005,56.616,35.184,56.616,88.392,56.616,90.0,71.232,65.712,49.776,41.279999999999994,41.544000000000004,48.384,9.768,48.384,9.768,41.279999999999994,9.768,30.071999999999996,49.92,75.744,52.99199999999999,90.432,53.279999999999994,90.432,53.279999999999994,30.071999999999996,53.279999999999994,75.744,79.24799999999999,31.176,79.24799999999999,88.392,62.831999999999994,56.111999999999995,73.512,89.39999999999999,49.08,41.279999999999994,49.08,56.135999999999996,49.08,35.184,48.504,81.264,89.63999999999999,100.77599999999998,63.623999999999995,90.0,63.623999999999995,56.135999999999996,75.09599999999999,54.72,75.09599999999999,75.744,51.408,81.264,50.495999999999995,48.384,43.51200000000001,35.184,43.51200000000001,41.279999999999994,35.23199999999999,0.0,35.23199999999999,31.176,64.48799999999999,0.0,58.727999999999994,81.264,23.015999999999995,56.135999999999996,50.03999999999999,81.264,6.984000000000001,41.279999999999994,78.0,90.432,88.464,31.176,57.35999999999999,31.176,57.35999999999999,90.432,57.35999999999999,44.376000000000005,57.35999999999999,54.72
41.376,25.103999999999992,78.09599999999999,0.0,36.312,59.59199999999999,14.184,83.39999999999999,60.407999999999994,55.079999999999984,49.99199999999999,7.079999999999994,69.816,21.479999999999993,49.632,21.479999999999993,12.839999999999995,21.479999999999993,15.168,6.863999999999994,39.02400000000001,51.98399999999999,36.815999999999995,44.28000000000001,29.711999999999993,81.86399999999999,29.711999999999993,81.86399999999999,36.815999999999995,81.86399999999999,52.15199999999999,55.967999999999996,10.944,25.103999999999992,12.336000000000006,24.815999999999995,12.336000000000006,24.815999999999995,52.15199999999999,24.815999999999995,10.944,28.415999999999997,49.99199999999999,28.415999999999997,12.839999999999995,41.616,30.719999999999995,9.863999999999994,34.008,40.05599999999999,36.815999999999995,40.05599999999999,29.448,40.05599999999999,49.632,29.59199999999999,4.608,29.016000000000002,22.680000000000003,22.008,15.168,22.008,29.448,21.192,41.376,21.192,10.944,39.984,4.608,27.599999999999994,29.711999999999993,48.504,49.632,48.504,36.815999999999995,55.82399999999999,78.09599999999999,55.82399999999999,49.99199999999999,38.472,78.09599999999999,28.967999999999996,4.608,55.08,29.448,48.11999999999999,4.608,79.752,36.815999999999995,8.976,12.336000000000006,11.664,49.99199999999999,42.71999999999999,49.99199999999999,42.71999999999999,12.336000000000006,42.71999999999999,69.816,42.71999999999999,41.376
77.688,50.712,63.0,36.312,0.0,95.90399999999998,50.495999999999995,59.28,96.71999999999998,42.815999999999995,31.823999999999998,43.391999999999996,106.12799999999999,44.784,85.944,44.784,49.152,44.784,51.480000000000004,40.536,6.695999999999998,88.29599999999999,22.53599999999999,80.592,31.607999999999993,53.232,31.607999999999993,53.232,22.53599999999999,53.232,32.928,92.28,47.256,50.712,45.096,49.704,45.096,49.704,32.928,49.704,47.256,64.72800000000001,31.823999999999998,64.72800000000001,49.152,77.928,67.032,46.175999999999995,70.32,13.920000000000002,22.53599999999999,13.920000000000002,6.863999999999998,13.920000000000002,85.944,36.528,35.928,65.328,55.43999999999999,18.287999999999993,51.480000000000004,18.287999999999993,6.863999999999998,57.504,77.688,57.504,47.256,76.29599999999999,35.928,13.272000000000002,31.607999999999993,19.487999999999996,85.944,19.487999999999996,22.53599999999999,27.768000000000004,63.0,27.768000000000004,31.823999999999998,74.784,63.0,13.391999999999996,35.928,45.312000000000005,6.863999999999998,15.360000000000005,35.928,56.016,22.53599999999999,32.663999999999994,45.096,47.976000000000006,31.823999999999998,79.032,31.823999999999998,79.032,45.096,79.032,106.12799999999999,79.032,77.688
22.44,45.19199999999999,32.903999999999996,59.59199999999999,95.90399999999998,0.0,45.407999999999994,37.58399999999999,10.08,53.087999999999994,64.08,52.51199999999999,12.096,51.12,9.959999999999999,51.12,56.111999999999995,51.12,57.71999999999999,55.36799999999999,98.616,17.496000000000002,73.368,15.311999999999998,64.29599999999999,42.67199999999999,64.29599999999999,42.67199999999999,73.368,42.67199999999999,62.97599999999999,17.640000000000004,48.64799999999999,45.19199999999999,58.152,46.199999999999996,58.152,46.199999999999996,62.97599999999999,46.199999999999996,48.64799999999999,46.96799999999999,64.08,46.96799999999999,56.111999999999995,30.552,28.872,49.727999999999994,57.11999999999999,81.984,73.368,81.984,89.03999999999998,81.984,9.959999999999999,59.376000000000005,64.19999999999999,57.35999999999999,68.496,81.6,57.71999999999999,81.6,89.03999999999998,42.815999999999995,22.44,42.815999999999995,48.64799999999999,19.608,64.19999999999999,82.63199999999998,64.29599999999999,76.416,9.959999999999999,76.416,73.368,68.136,32.903999999999996,68.136,64.08,32.208,32.903999999999996,88.55999999999997,64.19999999999999,50.59199999999999,89.03999999999998,82.94399999999999,64.19999999999999,39.88799999999999,73.368,68.56799999999998,58.152,56.18399999999999,64.08,25.08,64.08,25.08,58.152,25.08,12.096,25.08,22.44
27.191999999999993,15.719999999999992,68.71199999999999,14.184,50.495999999999995,45.407999999999994,0.0,74.01599999999999,46.224,45.696,40.608,7.104000000000006,55.632,12.095999999999993,35.448,12.095999999999993,19.680000000000007,12.095999999999993,21.288,9.96,53.208,37.8,27.960000000000008,30.096,20.327999999999992,72.47999999999999,20.327999999999992,72.47999999999999,27.960000000000008,72.47999999999999,42.767999999999994,41.78399999999999,7.032000000000004,15.719999999999992,21.720000000000006,15.431999999999995,21.720000000000006,15.431999999999995,42.767999999999994,15.431999999999995,7.032000000000004,14.232,40.608,14.232,19.680000000000007,27.432,16.535999999999998,4.800000000000004,20.688000000000002,36.576,27.960000000000008,36.576,43.632,36.576,35.448,20.20799999999999,18.791999999999998,20.927999999999997,32.064,36.192,21.288,36.192,43.632,7.007999999999999,27.191999999999993,7.007999999999999,7.032000000000004,25.799999999999997,18.791999999999998,37.224,20.327999999999992,39.12,35.448,39.12,27.960000000000008,46.43999999999999,68.71199999999999,46.43999999999999,40.608,24.288,68.71199999999999,43.151999999999994,18.791999999999998,45.696,43.632,38.736,18.791999999999998,70.368,27.960000000000008,23.16,21.720000000000006,19.752,40.608,28.535999999999994,40.608,28.535999999999994,21.720000000000006,28.535999999999994,55.632,28.535999999999994,27.191999999999993
60.023999999999994,58.29599999999999,5.303999999999998,83.39999999999999,59.28,37.58399999999999,74.01599999999999,0.0,47.66399999999999,28.319999999999997,33.407999999999994,76.368,49.67999999999999,61.91999999999999,40.48799999999999,61.91999999999999,93.696,61.91999999999999,95.30399999999999,76.536,61.99200000000001,55.08,46.583999999999996,46.848,53.688,6.048000000000003,53.688,6.048000000000003,46.583999999999996,6.048000000000003,31.247999999999998,55.22399999999999,81.04799999999999,58.29599999999999,95.736,58.58399999999999,95.736,58.58399999999999,31.247999999999998,58.58399999999999,81.04799999999999,84.552,33.407999999999994,84.552,93.696,68.136,61.41599999999999,78.816,94.70399999999998,45.36000000000001,46.583999999999996,45.36000000000001,55.05599999999999,45.36000000000001,40.48799999999999,53.808,86.568,94.944,106.08,68.928,95.30399999999999,68.928,55.05599999999999,80.39999999999999,60.023999999999994,80.39999999999999,81.04799999999999,56.711999999999996,86.568,55.8,53.688,39.792,40.48799999999999,39.792,46.583999999999996,31.511999999999997,5.303999999999998,31.511999999999997,33.407999999999994,69.79199999999999,5.303999999999998,64.032,86.568,28.319999999999993,55.05599999999999,46.32,86.568,3.6479999999999957,46.583999999999996,83.304,95.736,93.768,33.407999999999994,62.663999999999994,33.407999999999994,62.663999999999994,95.736,62.663999999999994,49.67999999999999,62.663999999999994,60.023999999999994
19.032,46.008,42.35999999999999,60.407999999999994,96.71999999999998,10.08,46.224,47.66399999999999,0.0,53.903999999999996,64.896,53.327999999999996,9.408,51.936,10.776,51.936,47.568,51.936,47.63999999999999,56.18399999999999,99.43200000000002,8.424,74.18400000000001,16.127999999999997,65.11200000000001,46.12800000000001,65.11200000000001,46.12800000000001,74.18400000000001,46.12800000000001,63.792,7.560000000000001,49.464,46.008,57.959999999999994,47.016,57.959999999999994,47.016,63.792,47.016,49.464,36.888,64.896,36.888,47.568,20.471999999999998,29.688000000000002,50.544000000000004,47.03999999999999,82.8,74.18400000000001,82.8,89.856,82.8,10.776,60.192,65.01599999999999,47.27999999999999,58.41599999999999,82.41599999999998,47.63999999999999,82.41599999999998,89.856,39.216,19.032,39.216,49.464,20.424000000000003,65.01599999999999,83.448,65.11200000000001,77.232,10.776,77.232,74.18400000000001,68.95199999999998,42.35999999999999,68.95199999999998,64.896,22.127999999999997,42.35999999999999,89.37599999999999,65.01599999999999,51.408,89.856,83.75999999999999,65.01599999999999,44.016,74.18400000000001,69.38399999999999,57.959999999999994,48.74399999999999,64.896,17.688000000000002,64.896,17.688000000000002,57.959999999999994,17.688000000000002,9.408,17.688000000000002,19.032
34.872,29.976,23.016,55.079999999999984,42.815999999999995,53.087999999999994,45.696,28.319999999999997,53.903999999999996,0.0,10.991999999999999,48.047999999999995,63.312000000000005,33.6,43.12799999999999,33.6,65.376,33.6,66.984,48.215999999999994,45.528000000000006,45.480000000000004,20.280000000000005,37.776,25.368,26.784,25.368,26.784,20.280000000000005,26.784,9.887999999999998,49.464,52.727999999999994,29.976,67.416,30.263999999999996,67.416,30.263999999999996,9.887999999999998,30.263999999999996,52.727999999999994,56.232,10.991999999999999,56.232,65.376,39.81599999999999,33.096,50.495999999999995,66.38399999999999,28.895999999999997,20.280000000000005,28.895999999999997,35.952,28.895999999999997,43.12799999999999,25.488,58.248,66.624,77.75999999999999,40.608,66.984,40.608,35.952,52.08,34.872,52.08,52.727999999999994,33.480000000000004,58.248,29.543999999999997,25.368,23.328,43.12799999999999,23.328,20.280000000000005,15.047999999999995,23.016,15.047999999999995,10.991999999999999,41.472,23.016,35.711999999999996,58.248,2.496000000000002,35.952,29.855999999999995,58.248,24.672,20.280000000000005,54.983999999999995,67.416,65.448,10.991999999999999,36.216,10.991999999999999,36.216,67.416,36.216,63.312000000000005,36.216,34.872
45.864,24.888,31.176,49.99199999999999,31.823999999999998,64.08,40.608,33.407999999999994,64.896,10.991999999999999,0.0,42.959999999999994,74.304,28.512,54.12,28.512,60.28800000000001,28.512,61.895999999999994,43.12799999999999,34.536,56.472,13.176,48.768,20.28,31.871999999999996,20.28,31.871999999999996,13.176,31.871999999999996,2.1599999999999966,60.456,47.64,24.888,62.327999999999996,25.176,62.327999999999996,25.176,2.1599999999999966,25.176,47.64,51.144000000000005,0.0,51.144000000000005,60.28800000000001,46.104,35.208,45.408,61.29599999999999,17.903999999999996,13.176,17.903999999999996,24.96,17.903999999999996,54.12,20.400000000000002,53.16,61.536,72.672,35.519999999999996,61.895999999999994,35.519999999999996,24.96,46.992,45.864,46.992,47.64,44.472,53.16,22.392,20.28,12.336,54.12,12.336,13.176,5.831999999999999,31.176,5.831999999999999,0.0,42.96,31.176,30.624,53.16,13.488000000000001,24.96,18.863999999999994,53.16,29.759999999999998,13.176,49.895999999999994,62.327999999999996,60.35999999999999,0.0,47.208000000000006,0.0,47.208000000000006,62.327999999999996,47.208000000000006,74.304,47.208000000000006,45.864
34.29600000000001,18.072,71.064,7.079999999999994,43.391999999999996,52.51199999999999,7.104000000000006,76.368,53.327999999999996,48.047999999999995,42.959999999999994,0.0,62.736000000000004,14.447999999999999,42.552,14.447999999999999,17.328,14.447999999999999,18.935999999999996,2.8559999999999945,46.104,44.904,29.784,37.20000000000001,22.679999999999996,74.832,22.679999999999996,74.832,29.784,74.832,45.11999999999999,48.888,4.679999999999998,18.072,19.368,17.784,19.368,17.784,45.11999999999999,17.784,4.679999999999998,21.336000000000006,42.959999999999994,21.336000000000006,17.328,34.536,23.640000000000004,2.7840000000000003,26.928000000000008,33.024,29.784,33.024,36.528,33.024,42.552,22.559999999999995,11.687999999999994,21.93600000000001,29.711999999999996,29.087999999999994,18.935999999999996,29.087999999999994,36.528,14.112000000000005,34.29600000000001,14.112000000000005,4.679999999999998,32.904,11.687999999999994,30.11999999999999,22.679999999999996,41.472,42.552,41.472,29.784,48.791999999999994,71.064,48.791999999999994,42.959999999999994,31.392000000000003,71.064,36.04799999999999,11.687999999999994,48.048,36.528,41.088,11.687999999999994,72.72,29.784,16.055999999999994,19.368,17.4,42.959999999999994,35.64,42.959999999999994,35.64,19.368,35.64,62.736000000000004,35.64,34.29600000000001
28.439999999999998,55.416,44.376000000000005,69.816,106.12799999999999,12.096,55.632,49.67999999999999,9.408,63.312000000000005,74.304,62.736000000000004,0.0,61.344,20.184,61.344,56.976,61.344,54.647999999999996,65.592,108.84000000000002,17.831999999999997,83.59200000000001,25.535999999999994,74.52000000000001,52.895999999999994,74.52000000000001,52.895999999999994,83.59200000000001,52.895999999999994,73.2,13.847999999999999,58.872,55.416,67.36800000000001,56.42399999999999,67.36800000000001,56.42399999999999,73.2,56.42399999999999,58.872,41.4,74.304,41.4,56.976,28.2,39.096,59.952000000000005,45.023999999999994,92.208,83.59200000000001,92.208,99.264,92.208,20.184,69.6,74.424,45.263999999999996,57.408,91.82400000000001,54.647999999999996,91.82400000000001,99.264,48.624,28.439999999999998,48.624,58.872,29.831999999999997,74.424,92.856,74.52000000000001,86.64,20.184,86.64,83.59200000000001,78.36,44.376000000000005,78.36,74.304,31.343999999999994,44.376000000000005,98.78399999999999,74.424,60.815999999999995,99.264,93.16799999999999,74.424,50.112,83.59200000000001,78.79199999999999,67.36800000000001,58.152,74.304,27.095999999999997,74.304,27.095999999999997,67.36800000000001,27.095999999999997,0.0,27.095999999999997,28.439999999999998
32.904,5.928000000000002,56.616,21.479999999999993,44.784,51.12,12.095999999999993,61.91999999999999,51.936,33.6,28.512,14.447999999999999,61.344,0.0,41.16,0.0,31.776,0.0,33.38399999999999,14.616,47.496,43.51199999999999,22.248000000000008,35.808,13.176000000000004,60.384,13.176000000000004,60.384,22.248000000000008,60.384,30.671999999999997,47.495999999999995,19.127999999999997,5.928000000000002,33.815999999999995,4.920000000000002,33.815999999999995,4.920000000000002,30.671999999999997,4.920000000000002,19.127999999999997,22.631999999999994,28.512,22.631999999999994,31.776,33.144,22.247999999999998,16.895999999999997,32.78399999999999,30.863999999999997,22.248000000000008,30.863999999999997,37.92,30.863999999999997,41.16,8.256000000000002,24.647999999999996,33.023999999999994,44.16,30.479999999999997,33.38399999999999,30.479999999999997,37.92,18.479999999999997,32.904,18.479999999999997,19.127999999999997,31.511999999999997,24.647999999999996,31.511999999999997,13.176000000000004,27.024000000000008,41.16,27.024000000000008,22.248000000000008,34.344,56.616,34.344,28.512,30.0,56.616,37.43999999999999,24.647999999999996,33.6,37.92,31.823999999999995,24.647999999999996,58.272,22.248000000000008,21.384,33.815999999999995,31.848,28.512,34.248,28.512,34.248,33.815999999999995,34.248,61.344,34.248,32.904
19.536,35.232,35.184,49.632,85.944,9.959999999999999,35.448,40.48799999999999,10.776,43.12799999999999,54.12,42.552,20.184,41.16,0.0,41.16,53.208,41.16,54.81599999999999,45.407999999999994,88.65599999999999,14.591999999999999,63.408,6.360000000000001,54.336,38.952,54.336,38.952,63.408,38.952,53.016,14.736,40.559999999999995,35.232,55.248,36.239999999999995,55.248,36.239999999999995,53.016,36.239999999999995,40.559999999999995,44.064,54.12,44.064,53.208,27.647999999999996,20.928,39.768,54.215999999999994,72.02399999999999,63.408,72.02399999999999,79.08,72.02399999999999,0.0,49.416000000000004,54.239999999999995,54.45599999999999,65.592,71.63999999999999,54.81599999999999,71.63999999999999,79.08,39.912000000000006,19.536,39.912000000000006,40.559999999999995,16.224,54.239999999999995,72.672,54.336,66.456,0.0,66.456,63.408,58.175999999999995,35.184,58.175999999999995,54.12,29.304000000000002,35.184,78.6,54.239999999999995,40.632,79.08,72.984,54.239999999999995,36.839999999999996,63.408,58.60799999999999,55.248,53.279999999999994,54.12,22.176,54.12,22.176,55.248,22.176,20.184,22.176,19.536
32.904,5.928000000000002,56.616,21.479999999999993,44.784,51.12,12.095999999999993,61.91999999999999,51.936,33.6,28.512,14.447999999999999,61.344,0.0,41.16,0.0,31.776,0.0,33.38399999999999,14.616,47.496,43.51199999999999,22.248000000000008,35.808,13.176000000000004,60.384,13.176000000000004,60.384,22.248000000000008,60.384,30.671999999999997,47.495999999999995,19.127999999999997,5.928000000000002,33.815999999999995,4.920000000000002,33.815999999999995,4.920000000000002,30.671999999999997,4.920000000000002,19.127999999999997,22.631999999999994,28.512,22.631999999999994,31.776,33.144,22.247999999999998,16.895999999999997,32.78399999999999,30.863999999999997,22.248000000000008,30.863999999999997,37.92,30.863999999999997,41.16,8.256000000000002,24.647999999999996,33.023999999999994,44.16,30.479999999999997,33.38399999999999,30.479999999999997,37.92,18.479999999999997,32.904,18.479999999999997,19.127999999999997,31.511999999999997,24.647999999999996,31.511999999999997,13.176000000000004,27.024000000000008,41.16,27.024000000000008,22.248000000000008,34.344,56.616,34.344,28.512,30.0,56.616,37.43999999999999,24.647999999999996,33.6,37.92,31.823999999999995,24.647999999999996,58.272,22.248000000000008,21.384,33.815999999999995,31.848,28.512,34.248,28.512,34.248,33.815999999999995,34.248,61.344,34.248,32.904
33.672000000000004,35.4,88.392,12.839999999999995,49.152,56.111999999999995,19.680000000000007,93.696,47.568,65.376,60.28800000000001,17.328,56.976,31.776,53.208,31.776,0.0,31.776,2.3280000000000056,17.16,51.864000000000004,39.144000000000005,47.112,46.848000000000006,40.008,92.16000000000001,40.008,92.16000000000001,47.112,92.16000000000001,62.44800000000001,43.12799999999999,12.648000000000003,35.4,10.392,35.112,10.392,35.112,62.44800000000001,35.112,12.648000000000003,15.576000000000004,60.28800000000001,15.576000000000004,0.0,28.776000000000003,32.28,14.880000000000003,21.16800000000001,50.352,47.112,50.352,42.28799999999999,50.352,53.208,39.88799999999999,17.447999999999993,16.176000000000005,12.383999999999995,34.84799999999999,2.3280000000000056,34.84799999999999,42.28799999999999,13.296000000000001,33.672000000000004,13.296000000000001,12.648000000000003,36.984,17.447999999999993,37.896,40.008,58.8,53.208,58.8,47.112,66.11999999999999,88.392,66.11999999999999,60.28800000000001,25.632000000000005,88.392,41.807999999999986,17.447999999999993,65.376,42.28799999999999,58.416000000000004,17.447999999999993,90.04799999999999,47.112,21.815999999999995,10.392,1.1759999999999942,60.28800000000001,31.032000000000004,60.28800000000001,31.032000000000004,10.392,31.032000000000004,56.976,31.032000000000004,33.672000000000004
32.904,5.928000000000002,56.616,21.479999999999993,44.784,51.12,12.095999999999993,61.91999999999999,51.936,33.6,28.512,14.447999999999999,61.344,0.0,41.16,0.0,31.776,0.0,33.38399999999999,14.616,47.496,43.51199999999999,22.248000000000008,35.808,13.176000000000004,60.384,13.176000000000004,60.384,22.248000000000008,60.384,30.671999999999997,47.495999999999995,19.127999999999997,5.928000000000002,33.815999999999995,4.920000000000002,33.815999999999995,4.920000000000002,30.671999999999997,4.920000000000002,19.127999999999997,22.631999999999994,28.512,22.631999999999994,31.776,33.144,22.247999999999998,16.895999999999997,32.78399999999999,30.863999999999997,22.248000000000008,30.863999999999997,37.92,30.863999999999997,41.16,8.256000000000002,24.647999999999996,33.023999999999994,44.16,30.479999999999997,33.38399999999999,30.479999999999997,37.92,18.479999999999997,32.904,18.479999999999997,19.127999999999997,31.511999999999997,24.647999999999996,31.511999999999997,13.176000000000004,27.024000000000008,41.16,27.024000000000008,22.248000000000008,34.344,56.616,34.344,28.512,30.0,56.616,37.43999999999999,24.647999999999996,33.6,37.92,31.823999999999995,24.647999999999996,58.272,22.248000000000008,21.384,33.815999999999995,31.848,28.512,34.248,28.512,34.248,33.815999999999995,34.248,61.344,34.248,32.904
35.279999999999994,37.007999999999996,90.0,15.168,51.480000000000004,57.71999999999999,21.288,95.30399999999999,47.63999999999999,66.984,61.895999999999994,18.935999999999996,54.647999999999996,33.38399999999999,54.81599999999999,33.38399999999999,2.3280000000000056,33.38399999999999,0.0,18.767999999999997,54.19200000000001,40.224,48.71999999999999,48.45599999999999,41.61599999999999,93.768,41.61599999999999,93.768,48.71999999999999,93.768,64.056,40.8,14.255999999999998,37.007999999999996,12.720000000000006,36.72,12.720000000000006,36.72,64.056,36.72,14.255999999999998,13.247999999999998,61.895999999999994,13.247999999999998,2.3280000000000056,27.168,33.888,16.487999999999996,18.84,51.959999999999994,48.71999999999999,51.959999999999994,44.616,51.959999999999994,54.81599999999999,41.495999999999995,19.776,13.848,10.776,37.176,0.0,37.176,44.616,14.903999999999996,35.279999999999994,14.903999999999996,14.255999999999998,38.59199999999999,19.776,39.50399999999999,41.61599999999999,60.408,54.81599999999999,60.408,48.71999999999999,67.728,90.0,67.728,61.895999999999994,25.511999999999997,90.0,44.136,19.776,66.984,44.616,60.024,19.776,91.65599999999999,48.71999999999999,24.144,12.720000000000006,3.5039999999999996,61.895999999999994,32.64,61.895999999999994,32.64,12.720000000000006,32.64,54.647999999999996,32.64,35.279999999999994
37.152,18.24,71.232,6.863999999999994,40.536,55.36799999999999,9.96,76.536,56.18399999999999,48.215999999999994,43.12799999999999,2.8559999999999945,65.592,14.616,45.407999999999994,14.616,17.16,14.616,18.767999999999997,0.0,43.248000000000005,47.76,29.951999999999998,40.056000000000004,22.848,75.0,22.848,75.0,29.951999999999998,75.0,45.28799999999999,51.74399999999999,6.7200000000000015,18.24,19.2,17.952,19.2,17.952,45.28799999999999,17.952,6.7200000000000015,24.192,43.12799999999999,24.192,17.16,37.391999999999996,26.495999999999995,5.639999999999994,29.784000000000002,33.192,29.951999999999998,33.192,33.672000000000004,33.192,45.407999999999994,22.727999999999998,10.031999999999998,24.792,29.543999999999997,26.232,18.767999999999997,26.232,33.672000000000004,16.968,37.152,16.968,6.7200000000000015,35.76,10.031999999999998,27.263999999999996,22.848,41.64,45.407999999999994,41.64,29.951999999999998,48.959999999999994,71.232,48.959999999999994,43.12799999999999,34.248,71.232,33.19199999999999,10.031999999999998,48.21600000000001,33.672000000000004,41.256,10.031999999999998,72.888,29.951999999999998,13.2,19.2,17.231999999999996,43.12799999999999,38.495999999999995,43.12799999999999,38.495999999999995,19.2,38.495999999999995,65.592,38.495999999999995,37.152
80.39999999999999,53.42400000000001,65.712,39.02400000000001,6.695999999999998,98.616,53.208,61.99200000000001,99.43200000000002,45.528000000000006,34.536,46.104,108.84000000000002,47.496,88.65599999999999,47.496,51.864000000000004,47.496,54.19200000000001,43.248000000000005,0.0,91.008,25.247999999999998,83.30400000000002,34.32,55.944,34.32,55.944,25.247999999999998,55.944,35.64000000000001,94.99199999999999,49.968,53.42400000000001,41.472,52.416000000000004,41.472,52.416000000000004,35.64000000000001,52.416000000000004,49.968,67.44000000000001,34.536,67.44000000000001,51.864000000000004,80.64,69.744,48.888,73.03200000000001,16.63200000000001,25.247999999999998,16.63200000000001,9.576000000000004,16.63200000000001,88.65599999999999,39.24,34.416000000000004,68.04,51.432,17.01600000000001,54.19200000000001,17.01600000000001,9.576000000000004,60.21600000000001,80.39999999999999,60.21600000000001,49.968,79.008,34.416000000000004,15.984000000000009,34.32,22.44000000000001,88.65599999999999,22.44000000000001,25.247999999999998,30.48000000000001,65.712,30.48000000000001,34.536,77.49600000000001,65.712,10.056000000000012,34.416000000000004,48.02400000000001,9.576000000000004,22.056,34.416000000000004,58.728,25.247999999999998,30.048000000000005,41.472,50.68800000000001,34.536,81.744,34.536,81.744,41.472,81.744,108.84000000000002,81.744,80.39999999999999
10.607999999999999,37.583999999999996,49.776,51.98399999999999,88.29599999999999,17.496000000000002,37.8,55.08,8.424,45.480000000000004,56.472,44.904,17.831999999999997,43.51199999999999,14.591999999999999,43.51199999999999,39.144000000000005,43.51199999999999,40.224,47.76,91.008,0.0,65.76,8.232,56.68800000000001,53.544000000000004,56.68800000000001,53.544000000000004,65.76,53.544000000000004,55.367999999999995,3.984,41.03999999999999,37.583999999999996,49.536,38.59199999999999,49.536,38.59199999999999,55.367999999999995,38.59199999999999,41.03999999999999,29.471999999999998,56.472,29.471999999999998,39.144000000000005,13.055999999999996,21.264,42.12,39.623999999999995,74.376,65.76,74.376,81.43200000000002,74.376,14.591999999999999,51.768,56.592,39.864,50.999999999999986,73.99199999999999,40.224,73.99199999999999,81.43200000000002,30.791999999999994,10.607999999999999,30.791999999999994,41.03999999999999,12.0,56.592,75.02399999999999,56.68800000000001,68.808,14.591999999999999,68.808,65.76,60.52799999999999,49.776,60.52799999999999,56.472,14.711999999999996,49.776,80.95199999999998,56.592,42.984,81.43200000000002,75.336,56.592,51.431999999999995,65.76,60.959999999999994,49.536,40.32,56.472,9.264000000000001,56.472,9.264000000000001,49.536,9.264000000000001,17.831999999999997,9.264000000000001,10.607999999999999
55.15200000000001,28.17600000000001,41.279999999999994,36.815999999999995,22.53599999999999,73.368,27.960000000000008,46.583999999999996,74.18400000000001,20.280000000000005,13.176,29.784,83.59200000000001,22.248000000000008,63.408,22.248000000000008,47.112,22.248000000000008,48.71999999999999,29.951999999999998,25.247999999999998,65.76,0.0,58.05600000000001,9.072000000000003,45.047999999999995,9.072000000000003,45.047999999999995,0.0,45.047999999999995,15.335999999999997,69.744,34.464,28.17600000000001,49.152,27.168000000000006,49.152,27.168000000000006,15.335999999999997,27.168000000000006,34.464,42.192000000000014,13.176,42.192000000000014,47.112,55.39200000000001,44.496,32.232,48.11999999999999,8.61599999999999,0.0,8.61599999999999,15.671999999999993,8.61599999999999,63.408,13.992000000000004,39.984,48.35999999999999,59.495999999999995,22.343999999999998,48.71999999999999,22.343999999999998,15.671999999999993,34.96800000000001,55.15200000000001,34.96800000000001,34.464,53.76000000000001,39.984,9.26399999999999,9.072000000000003,11.688000000000006,63.408,11.688000000000006,0.0,19.008,41.279999999999994,19.008,13.176,52.248000000000005,41.279999999999994,17.447999999999997,39.984,22.776000000000007,15.671999999999993,11.304000000000002,39.984,42.936,0.0,36.72,49.152,47.184,13.176,56.496,13.176,56.496,49.152,56.496,83.59200000000001,56.496,55.15200000000001
13.176,29.879999999999995,41.544000000000004,44.28000000000001,80.592,15.311999999999998,30.096,46.848,16.127999999999997,37.776,48.768,37.20000000000001,25.535999999999994,35.808,6.360000000000001,35.808,46.848000000000006,35.808,48.45599999999999,40.056000000000004,83.30400000000002,8.232,58.05600000000001,0.0,48.98400000000001,45.312000000000005,48.98400000000001,45.312000000000005,58.05600000000001,45.312000000000005,47.663999999999994,11.687999999999997,34.199999999999996,29.879999999999995,48.888,30.887999999999998,48.888,30.887999999999998,47.663999999999994,30.887999999999998,34.199999999999996,37.70399999999999,48.768,37.70399999999999,46.848000000000006,21.287999999999993,14.567999999999998,34.416000000000004,47.855999999999995,66.672,58.05600000000001,66.672,73.72800000000001,66.672,6.360000000000001,44.06400000000001,48.888,48.096,59.232,66.288,48.45599999999999,66.288,73.72800000000001,33.552,13.176,33.552,34.199999999999996,9.863999999999999,48.888,67.32,48.98400000000001,61.104,6.360000000000001,61.104,58.05600000000001,52.82399999999999,41.544000000000004,52.82399999999999,48.768,22.943999999999996,41.544000000000004,73.24799999999999,48.888,35.279999999999994,73.72800000000001,67.63199999999999,48.888,43.199999999999996,58.05600000000001,53.256,48.888,46.92,48.768,15.815999999999997,48.768,15.815999999999997,48.888,15.815999999999997,25.535999999999994,15.815999999999997,13.176
46.080000000000005,19.104000000000006,48.384,29.711999999999993,31.607999999999993,64.29599999999999,20.327999999999992,53.688,65.11200000000001,25.368,20.28,22.679999999999996,74.52000000000001,13.176000000000004,54.336,13.176000000000004,40.008,13.176000000000004,41.61599999999999,22.848,34.32,56.68800000000001,9.072000000000003,48.98400000000001,0.0,52.152,0.0,52.152,9.072000000000003,52.152,22.439999999999998,60.672,27.359999999999996,19.104000000000006,42.047999999999995,18.096000000000007,42.047999999999995,18.096000000000007,22.439999999999998,18.096000000000007,27.359999999999996,33.120000000000005,20.28,33.120000000000005,40.008,46.32000000000001,35.424,25.127999999999997,41.01599999999999,17.68799999999999,9.072000000000003,17.68799999999999,24.743999999999996,17.68799999999999,54.336,4.920000000000002,32.879999999999995,41.25599999999999,52.391999999999996,17.30399999999999,41.61599999999999,17.30399999999999,24.743999999999996,26.711999999999996,46.080000000000005,26.711999999999996,27.359999999999996,44.68800000000001,32.879999999999995,18.33599999999999,0.0,18.79200000000001,54.336,18.79200000000001,9.072000000000003,26.112000000000002,48.384,26.112000000000002,20.28,43.176,48.384,24.26399999999999,32.879999999999995,25.368000000000002,24.743999999999996,18.64799999999999,32.879999999999995,50.04,9.072000000000003,29.616,42.047999999999995,40.08,20.28,47.424,20.28,47.424,42.047999999999995,47.424,74.52000000000001,47.424,46.080000000000005
58.488,56.75999999999999,9.768,81.86399999999999,53.232,42.67199999999999,72.47999999999999,6.048000000000003,46.12800000000001,26.784,31.871999999999996,74.832,52.895999999999994,60.384,38.952,60.384,92.16000000000001,60.384,93.768,75.0,55.944,53.544000000000004,45.047999999999995,45.312000000000005,52.152,0.0,52.152,0.0,45.047999999999995,0.0,29.712,53.688,79.51199999999999,56.75999999999999,94.2,57.047999999999995,94.2,57.047999999999995,29.712,57.047999999999995,79.51199999999999,83.016,31.871999999999996,83.016,92.16000000000001,66.6,59.879999999999995,77.28,93.16799999999998,41.80799999999999,45.047999999999995,41.80799999999999,53.51999999999999,41.80799999999999,38.952,52.272,85.032,93.408,104.544,67.392,93.768,67.392,53.51999999999999,78.86399999999999,58.488,78.86399999999999,79.51199999999999,55.176,85.032,54.263999999999996,52.152,33.744,38.952,33.744,45.047999999999995,26.04,9.768,26.04,31.871999999999996,68.25599999999999,9.768,62.495999999999995,85.032,26.784,53.51999999999999,40.27199999999999,85.032,2.7839999999999985,45.047999999999995,81.768,94.2,92.232,31.871999999999996,61.12799999999999,31.871999999999996,61.12799999999999,94.2,61.12799999999999,52.895999999999994,61.12799999999999,58.488
46.080000000000005,19.104000000000006,48.384,29.711999999999993,31.607999999999993,64.29599999999999,20.327999999999992,53.688,65.11200000000001,25.368,20.28,22.679999999999996,74.52000000000001,13.176000000000004,54.336,13.176000000000004,40.008,13.176000000000004,41.61599999999999,22.848,34.32,56.68800000000001,9.072000000000003,48.98400000000001,0.0,52.152,0.0,52.152,9.072000000000003,52.152,22.439999999999998,60.672,27.359999999999996,19.104000000000006,42.047999999999995,18.096000000000007,42.047999999999995,18.096000000000007,22.439999999999998,18.096000000000007,27.359999999999996,33.120000000000005,20.28,33.120000000000005,40.008,46.32000000000001,35.424,25.127999999999997,41.01599999999999,17.68799999999999,9.072000000000003,17.68799999999999,24.743999999999996,17.68799999999999,54.336,4.920000000000002,32.879999999999995,41.25599999999999,52.391999999999996,17.30399999999999,41.61599999999999,17.30399999999999,24.743999999999996,26.711999999999996,46.080000000000005,26.711999999999996,27.359999999999996,44.68800000000001,32.879999999999995,18.33599999999999,0.0,18.79200000000001,54.336,18.79200000000001,9.072000000000003,26.112000000000002,48.384,26.112000000000002,20.28,43.176,48.384,24.26399999999999,32.879999999999995,25.368000000000002,24.743999999999996,18.64799999999999,32.879999999999995,50.04,9.072000000000003,29.616,42.047999999999995,40.08,20.28,47.424,20.28,47.424,42.047999999999995,47.424,74.52000000000001,47.424,46.080000000000005
58.488,56.75999999999999,9.768,81.86399999999999,53.232,42.67199999999999,72.47999999999999,6.048000000000003,46.12800000000001,26.784,31.871999999999996,74.832,52.895999999999994,60.384,38.952,60.384,92.16000000000001,60.384,93.768,75.0,55.944,53.544000000000004,45.047999999999995,45.312000000000005,52.152,0.0,52.152,0.0,45.047999999999995,0.0,29.712,53.688,79.51199999999999,56.75999999999999,94.2,57.047999999999995,94.2,57.047999999999995,29.712,57.047999999999995,79.51199999999999,83.016,31.871999999999996,83.016,92.16000000000001,66.6,59.879999999999995,77.28,93.16799999999998,41.80799999999999,45.047999999999995,41.80799999999999,53.51999999999999,41.80799999999999,38.952,52.272,85.032,93.408,104.544,67.392,93.768,67.392,53.51999999999999,78.86399999999999,58.488,78.86399999999999,79.51199999999999,55.176,85.032,54.263999999999996,52.152,33.744,38.952,33.744,45.047999999999995,26.04,9.768,26.04,31.871999999999996,68.25599999999999,9.768,62.495999999999995,85.032,26.784,53.51999999999999,40.27199999999999,85.032,2.7839999999999985,45.047999999999995,81.768,94.2,92.232,31.871999999999996,61.12799999999999,31.871999999999996,61.12799999999999,94.2,61.12799999999999,52.895999999999994,61.12799999999999,58.488
55.15200000000001,28.17600000000001,41.279999999999994,36.815999999999995,22.53599999999999,73.368,27.960000000000008,46.583999999999996,74.18400000000001,20.280000000000005,13.176,29.784,83.59200000000001,22.248000000000008,63.408,22.248000000000008,47.112,22.248000000000008,48.71999999999999,29.951999999999998,25.247999999999998,65.76,0.0,58.05600000000001,9.072000000000003,45.047999999999995,9.072000000000003,45.047999999999995,0.0,45.047999999999995,15.335999999999997,69.744,34.464,28.17600000000001,49.152,27.168000000000006,49.152,27.168000000000006,15.335999999999997,27.168000000000006,34.464,42.192000000000014,13.176,42.192000000000014,47.112,55.39200000000001,44.496,32.232,48.11999999999999,8.61599999999999,0.0,8.61599999999999,15.671999999999993,8.61599999999999,63.408,13.992000000000004,39.984,48.35999999999999,59.495999999999995,22.343999999999998,48.71999999999999,22.343999999999998,15.671999999999993,34.96800000000001,55.15200000000001,34.96800000000001,34.464,53.76000000000001,39.984,9.26399999999999,9.072000000000003,11.688000000000006,63.408,11.688000000000006,0.0,19.008,41.279999999999994,19.008,13.176,52.248000000000005,41.279999999999994,17.447999999999997,39.984,22.776000000000007,15.671999999999993,11.304000000000002,39.984,42.936,0.0,36.72,49.152,47.184,13.176,56.496,13.176,56.496,49.152,56.496,83.59200000000001,56.496,55.15200000000001
58.488,56.75999999999999,9.768,81.86399999999999,53.232,42.67199999999999,72.47999999999999,6.048000000000003,46.12800000000001,26.784,31.871999999999996,74.832,52.895999999999994,60.384,38.952,60.384,92.16000000000001,60.384,93.768,75.0,55.944,53.544000000000004,45.047999999999995,45.312000000000005,52.152,0.0,52.152,0.0,45.047999999999995,0.0,29.712,53.688,79.51199999999999,56.75999999999999,94.2,57.047999999999995,94.2,57.047999999999995,29.712,57.047999999999995,79.51199999999999,83.016,31.871999999999996,83.016,92.16000000000001,66.6,59.879999999999995,77.28,93.16799999999998,41.80799999999999,45.047999999999995,41.80799999999999,53.51999999999999,41.80799999999999,38.952,52.272,85.032,93.408,104.544,67.392,93.768,67.392,53.51999999999999,78.86399999999999,58.488,78.86399999999999,79.51199999999999,55.176,85.032,54.263999999999996,52.152,33.744,38.952,33.744,45.047999999999995,26.04,9.768,26.04,31.871999999999996,68.25599999999999,9.768,62.495999999999995,85.032,26.784,53.51999999999999,40.27199999999999,85.032,2.7839999999999985,45.047999999999995,81.768,94.2,92.232,31.871999999999996,61.12799999999999,31.871999999999996,61.12799999999999,94.2,61.12799999999999,52.895999999999994,61.12799999999999,58.488
