0.0,10.968000000000009,27.432000000000002,63.888,73.152,17.927999999999997,40.752,4.727999999999997,65.304,33.84,40.36800000000001,33.84,40.36800000000001,25.008000000000003,52.176,55.32,25.392000000000003,27.288000000000004,32.712,30.528000000000006,33.263999999999996,18.936,68.256,32.400000000000006,49.367999999999995,51.263999999999996,40.36800000000001,51.263999999999996,15.239999999999997,41.160000000000004,49.367999999999995,10.968000000000009,25.392000000000003,10.968000000000009,48.312000000000005,59.496,12.239999999999995,40.58400000000001,67.224,59.135999999999996,40.36800000000001,59.135999999999996,51.38400000000001,48.408,0.0,48.408,9.095999999999998,16.896,34.56,25.104,53.160000000000004,38.544000000000004,37.968,25.848,53.160000000000004,37.89600000000001,49.367999999999995,37.89600000000001,27.432000000000002,6.168,12.239999999999995,12.792000000000003,65.304,69.624,67.224,27.648000000000003,67.224,21.311999999999998,52.176,53.952000000000005,32.712,53.952000000000005,67.224,68.616,65.304,23.424000000000003,25.392000000000003,23.424000000000003,65.304,41.61600000000001,0.0,41.61600000000001,52.176,41.61600000000001,51.38400000000001,41.61600000000001,27.432000000000002,63.192,34.56,51.60000000000001,15.239999999999997,51.60000000000001,9.095999999999998,61.29599999999999,25.392000000000003,19.44000000000001,15.239999999999997,67.584,34.56,67.584,0.0
10.968000000000009,0.0,16.463999999999995,66.36,62.18399999999999,22.560000000000006,43.224,14.400000000000007,67.776,25.991999999999994,42.84,25.991999999999994,42.84,17.88,51.19199999999999,57.791999999999994,14.423999999999994,29.759999999999998,21.743999999999993,19.559999999999995,44.232000000000006,7.967999999999989,57.28799999999999,41.304,51.83999999999999,40.296,42.84,40.296,12.768000000000002,43.632,51.83999999999999,0.0,14.423999999999994,0.0,50.784,61.967999999999996,23.208000000000002,43.05599999999999,69.696,61.60799999999999,42.84,61.60799999999999,53.856,50.87999999999999,10.968000000000009,50.87999999999999,20.064000000000007,7.8479999999999945,37.032,14.135999999999994,42.864,41.01599999999999,26.999999999999993,14.879999999999992,42.864,40.368,51.83999999999999,40.368,16.463999999999995,16.128000000000004,23.208000000000002,4.559999999999996,67.776,58.65599999999999,69.696,30.119999999999997,69.696,32.28000000000001,51.19199999999999,42.98399999999999,21.743999999999993,42.98399999999999,69.696,57.64799999999999,67.776,25.895999999999997,14.423999999999994,25.895999999999997,67.776,30.647999999999993,10.968000000000009,30.647999999999993,51.19199999999999,30.647999999999993,53.856,30.647999999999993,16.463999999999995,52.22399999999999,37.032,54.072,12.768000000000002,54.072,20.064000000000007,50.327999999999996,14.423999999999994,9.671999999999999,12.768000000000002,70.056,37.032,70.056,10.968000000000009
27.432000000000002,16.463999999999995,0.0,52.68000000000001,45.71999999999999,39.023999999999994,40.008,30.864,54.096000000000004,12.312000000000001,29.160000000000004,12.312000000000001,29.160000000000004,4.200000000000004,37.512,44.112,2.039999999999999,16.080000000000005,22.943999999999996,30.551999999999992,60.696,16.512,40.82399999999999,57.768,38.16,23.831999999999997,29.160000000000004,23.831999999999997,26.447999999999997,29.952000000000005,38.16,16.463999999999995,2.039999999999999,16.463999999999995,37.104000000000006,48.28800000000001,39.672000000000004,29.376000000000005,56.016000000000005,47.928,29.160000000000004,47.928,40.176,37.199999999999996,27.432000000000002,37.199999999999996,36.528,10.536000000000001,23.352000000000004,23.591999999999995,29.184000000000005,27.336,10.824000000000003,12.288,29.184000000000005,26.688000000000006,38.16,26.688000000000006,0.0,32.592,39.672000000000004,14.639999999999999,54.096000000000004,42.19199999999999,56.016000000000005,23.784,56.016000000000005,48.744,37.512,26.52,22.943999999999996,26.52,56.016000000000005,41.184,54.096000000000004,40.727999999999994,2.039999999999999,40.727999999999994,54.096000000000004,14.184,27.432000000000002,14.184,37.512,14.184,40.176,14.184,0.0,35.76,23.352000000000004,40.39200000000001,26.447999999999997,40.39200000000001,36.528,33.864,2.039999999999999,23.351999999999993,26.447999999999997,56.376000000000005,23.352000000000004,56.376000000000005,27.432000000000002
63.888,66.36,52.68000000000001,0.0,46.31999999999999,45.96,39.408,68.616,1.9440000000000075,40.368,23.519999999999996,40.368,23.519999999999996,48.48,25.343999999999994,8.568,54.48,36.599999999999994,75.624,83.232,60.096000000000004,69.19200000000001,41.42399999999999,57.168,15.671999999999997,29.279999999999998,23.519999999999996,29.279999999999998,79.128,22.727999999999998,15.671999999999997,66.36,54.48,66.36,19.896000000000004,16.391999999999996,53.087999999999994,23.304,5.879999999999994,21.648,23.519999999999996,21.648,12.503999999999992,19.848000000000003,63.888,19.848000000000003,66.648,58.512,29.327999999999996,76.27199999999999,26.327999999999996,25.344,41.855999999999995,64.968,26.327999999999996,25.991999999999994,15.671999999999997,25.991999999999994,52.68000000000001,70.056,53.087999999999994,61.8,1.9440000000000075,42.791999999999994,5.879999999999994,36.239999999999995,5.879999999999994,53.18399999999999,25.343999999999994,27.119999999999997,75.624,27.119999999999997,5.879999999999994,41.78399999999999,1.9440000000000075,40.464,54.48,40.464,1.9440000000000075,49.82399999999999,63.888,49.82399999999999,25.343999999999994,49.82399999999999,12.503999999999992,49.82399999999999,52.68000000000001,38.76,29.327999999999996,12.287999999999993,79.128,12.287999999999993,66.648,53.71199999999999,54.48,76.032,79.128,18.336000000000002,29.327999999999996,18.336000000000002,63.888
73.152,62.18399999999999,45.71999999999999,46.31999999999999,0.0,84.744,85.728,76.584,48.263999999999996,39.312,35.088,39.312,35.088,48.14399999999999,20.975999999999996,52.91999999999999,47.76,47.736,41.16,48.768,106.416,54.21600000000001,4.896,103.48799999999999,30.647999999999996,21.887999999999998,35.088,21.887999999999998,63.336,42.6,30.647999999999996,62.18399999999999,47.76,62.18399999999999,66.216,30.071999999999996,85.392,60.072,40.440000000000005,67.96799999999999,35.088,67.96799999999999,55.080000000000005,66.16799999999999,73.152,66.16799999999999,82.24799999999999,56.25599999999999,44.016,48.047999999999995,19.991999999999994,62.831999999999994,35.184,47.304,19.991999999999994,40.68,30.647999999999996,40.68,45.71999999999999,78.31199999999998,85.392,60.35999999999999,48.263999999999996,3.527999999999999,40.440000000000005,69.504,40.440000000000005,94.464,20.975999999999996,19.2,41.16,19.2,40.440000000000005,4.535999999999999,48.263999999999996,86.448,47.76,86.448,48.263999999999996,31.535999999999994,73.152,31.535999999999994,20.975999999999996,31.535999999999994,55.080000000000005,31.535999999999994,45.71999999999999,9.96,44.016,58.367999999999995,63.336,58.367999999999995,82.24799999999999,19.247999999999998,47.76,53.711999999999996,63.336,64.65599999999999,44.016,64.65599999999999,73.152
17.927999999999997,22.560000000000006,39.023999999999994,45.96,84.744,0.0,22.824,22.655999999999995,47.37600000000001,45.431999999999995,49.65599999999999,45.431999999999995,49.65599999999999,36.6,63.768,37.392,36.984,37.007999999999996,44.304,42.12,21.672,30.527999999999995,79.84799999999998,18.743999999999996,54.096,62.855999999999995,49.65599999999999,62.855999999999995,33.16799999999999,42.144,54.096,22.560000000000006,36.984,22.560000000000006,30.384000000000007,54.815999999999995,7.127999999999989,24.671999999999997,49.29600000000001,41.208000000000006,49.65599999999999,41.208000000000006,33.45600000000001,30.48,17.927999999999997,30.48,20.68799999999999,28.487999999999996,40.727999999999994,36.696,64.752,21.912000000000003,49.559999999999995,37.43999999999999,64.752,44.064,54.096,44.064,39.023999999999994,24.095999999999997,7.127999999999989,24.384,47.37600000000001,81.216,49.29600000000001,15.239999999999998,49.29600000000001,9.72,63.768,65.544,44.304,65.544,49.29600000000001,80.208,47.37600000000001,5.496000000000007,36.984,5.496000000000007,47.37600000000001,53.208,17.927999999999997,53.208,63.768,53.208,33.45600000000001,53.208,39.023999999999994,74.78399999999999,40.727999999999994,33.67200000000001,33.16799999999999,33.67200000000001,20.68799999999999,72.88799999999999,36.984,31.032000000000004,33.16799999999999,49.656,40.727999999999994,49.656,17.927999999999997
40.752,43.224,40.008,39.408,85.728,22.824,0.0,45.48,37.46399999999999,46.416,50.64,46.416,50.64,37.583999999999996,64.752,32.808,37.967999999999996,37.992,52.48799999999999,60.096,20.688000000000002,46.056000000000004,80.832,17.759999999999994,55.08,63.84,50.64,63.84,55.99199999999999,43.12799999999999,55.08,43.224,37.967999999999996,43.224,19.511999999999997,55.8,29.95199999999999,25.656,45.28799999999999,18.384,50.64,18.384,30.647999999999996,19.56,40.752,19.56,43.51199999999999,35.376,41.711999999999996,53.13599999999999,65.736,22.896,50.544000000000004,41.832,65.736,45.047999999999995,55.08,45.047999999999995,40.008,46.92,29.95199999999999,38.663999999999994,37.46399999999999,82.2,45.28799999999999,16.224,45.28799999999999,30.047999999999988,64.752,66.52799999999999,52.48799999999999,66.52799999999999,45.28799999999999,81.192,37.46399999999999,17.327999999999996,37.967999999999996,17.327999999999996,37.46399999999999,54.192,40.752,54.192,64.752,54.192,30.647999999999996,54.192,40.008,75.768,41.711999999999996,27.359999999999996,55.99199999999999,27.359999999999996,43.51199999999999,73.87199999999999,37.967999999999996,52.89599999999999,55.99199999999999,26.831999999999997,41.711999999999996,26.831999999999997,40.752
4.727999999999997,14.400000000000007,30.864,68.616,76.584,22.655999999999995,45.48,0.0,70.03200000000001,37.272,45.096,37.272,45.096,28.44,55.608000000000004,60.047999999999995,28.824,32.016000000000005,36.144,33.96,29.831999999999997,22.368,71.688,37.12800000000001,54.096,54.696,45.096,54.696,13.248000000000001,45.888,54.096,14.400000000000007,28.824,14.400000000000007,53.04,64.224,15.528000000000006,45.312000000000005,71.952,63.864,45.096,63.864,56.112,53.135999999999996,4.727999999999997,53.135999999999996,5.663999999999999,20.328,39.288000000000004,28.536,56.592,43.272,41.4,29.279999999999998,56.592,42.623999999999995,54.096,42.623999999999995,30.864,1.727999999999997,15.528000000000006,16.224000000000004,70.03200000000001,73.056,71.952,32.376,71.952,17.88,55.608000000000004,57.38400000000001,36.144,57.38400000000001,71.952,72.048,70.03200000000001,28.152,28.824,28.152,70.03200000000001,45.04800000000001,4.727999999999997,45.04800000000001,55.608000000000004,45.04800000000001,56.112,45.04800000000001,30.864,66.624,39.288000000000004,56.328,13.248000000000001,56.328,5.663999999999999,64.728,28.824,22.872000000000007,13.248000000000001,72.312,39.288000000000004,72.312,4.727999999999997
65.304,67.776,54.096000000000004,1.9440000000000075,48.263999999999996,47.37600000000001,37.46399999999999,70.03200000000001,0.0,41.784000000000006,24.936,41.784000000000006,24.936,49.895999999999994,27.288000000000004,9.984000000000004,55.895999999999994,38.016,77.04,84.64800000000001,58.152,70.608,43.36800000000001,55.22399999999999,17.616000000000003,30.696000000000005,24.936,30.696000000000005,80.544,24.144,17.616000000000003,67.776,55.895999999999994,67.776,17.951999999999995,18.336000000000002,54.504,24.72,7.824000000000002,19.70399999999999,24.936,19.70399999999999,13.920000000000002,17.903999999999993,65.304,17.903999999999993,68.06400000000001,59.928000000000004,30.744,77.688,28.272000000000002,26.760000000000005,43.272,66.384,28.272000000000002,27.407999999999998,17.616000000000003,27.407999999999998,54.096000000000004,71.47200000000001,54.504,63.21600000000001,0.0,44.73600000000001,7.824000000000002,37.656,7.824000000000002,54.599999999999994,27.288000000000004,29.064,77.04,29.064,7.824000000000002,43.727999999999994,0.0,41.88,55.895999999999994,41.88,0.0,51.24,65.304,51.24,27.288000000000004,51.24,13.920000000000002,51.24,54.096000000000004,40.176,30.744,13.703999999999997,80.544,13.703999999999997,68.06400000000001,55.12799999999999,55.895999999999994,77.44800000000001,80.544,16.391999999999992,30.744,16.391999999999992,65.304
33.84,25.991999999999994,12.312000000000001,40.368,39.312,45.431999999999995,46.416,37.272,41.784000000000006,0.0,16.848000000000003,0.0,16.848000000000003,8.831999999999999,25.2,31.799999999999997,14.111999999999997,8.424,35.256,42.864,67.104,28.824,34.416,64.17599999999999,25.848,17.424,16.848000000000003,17.424,38.76,17.640000000000004,25.848,25.991999999999994,14.111999999999997,25.991999999999994,26.904,35.976000000000006,46.08,20.76,43.704,35.616,16.848000000000003,35.616,27.864000000000004,26.855999999999998,33.84,26.855999999999998,42.936,18.144000000000002,11.040000000000003,35.90399999999999,19.32,23.519999999999996,4.128000000000001,24.599999999999998,19.32,14.376000000000005,25.848,14.376000000000005,12.312000000000001,39.0,46.08,21.432,41.784000000000006,35.784,43.704,30.192,43.704,55.152,25.2,20.112,35.256,20.112,43.704,34.775999999999996,41.784000000000006,47.13599999999999,14.111999999999997,47.13599999999999,41.784000000000006,9.455999999999998,33.84,9.455999999999998,25.2,9.455999999999998,27.864000000000004,9.455999999999998,12.312000000000001,29.352,11.040000000000003,28.080000000000005,38.76,28.080000000000005,42.936,27.456000000000003,14.111999999999997,35.663999999999994,38.76,44.064,11.040000000000003,44.064,33.84
40.36800000000001,42.84,29.160000000000004,23.519999999999996,35.088,49.65599999999999,50.64,45.096,24.936,16.848000000000003,0.0,16.848000000000003,0.0,24.96,14.112000000000002,17.831999999999994,30.96,13.079999999999998,52.104,59.712,71.32799999999999,45.672000000000004,30.192000000000004,68.39999999999999,8.999999999999998,13.200000000000001,0.0,13.200000000000001,55.60799999999999,7.512000000000001,8.999999999999998,42.84,30.96,42.84,31.128,19.128,50.304,24.983999999999998,26.856,32.879999999999995,0.0,32.879999999999995,19.992000000000004,31.08,40.36800000000001,31.08,47.160000000000004,34.992000000000004,8.928,52.75199999999999,15.096000000000002,27.743999999999996,18.336000000000002,41.44800000000001,15.096000000000002,5.592,8.999999999999998,5.592,29.160000000000004,46.53600000000001,50.304,38.28,24.936,31.56,26.856,34.416,26.856,59.37599999999999,14.112000000000002,15.888,52.104,15.888,26.856,30.552,24.936,51.35999999999999,30.96,51.35999999999999,24.936,26.304000000000002,40.36800000000001,26.304000000000002,14.112000000000002,26.304000000000002,19.992000000000004,26.304000000000002,29.160000000000004,25.128,8.928,23.28,55.60799999999999,23.28,47.160000000000004,30.192000000000004,30.96,52.51199999999999,55.60799999999999,29.567999999999994,8.928,29.567999999999994,40.36800000000001
33.84,25.991999999999994,12.312000000000001,40.368,39.312,45.431999999999995,46.416,37.272,41.784000000000006,0.0,16.848000000000003,0.0,16.848000000000003,8.831999999999999,25.2,31.799999999999997,14.111999999999997,8.424,35.256,42.864,67.104,28.824,34.416,64.17599999999999,25.848,17.424,16.848000000000003,17.424,38.76,17.640000000000004,25.848,25.991999999999994,14.111999999999997,25.991999999999994,26.904,35.976000000000006,46.08,20.76,43.704,35.616,16.848000000000003,35.616,27.864000000000004,26.855999999999998,33.84,26.855999999999998,42.936,18.144000000000002,11.040000000000003,35.90399999999999,19.32,23.519999999999996,4.128000000000001,24.599999999999998,19.32,14.376000000000005,25.848,14.376000000000005,12.312000000000001,39.0,46.08,21.432,41.784000000000006,35.784,43.704,30.192,43.704,55.152,25.2,20.112,35.256,20.112,43.704,34.775999999999996,41.784000000000006,47.13599999999999,14.111999999999997,47.13599999999999,41.784000000000006,9.455999999999998,33.84,9.455999999999998,25.2,9.455999999999998,27.864000000000004,9.455999999999998,12.312000000000001,29.352,11.040000000000003,28.080000000000005,38.76,28.080000000000005,42.936,27.456000000000003,14.111999999999997,35.663999999999994,38.76,44.064,11.040000000000003,44.064,33.84
40.36800000000001,42.84,29.160000000000004,23.519999999999996,35.088,49.65599999999999,50.64,45.096,24.936,16.848000000000003,0.0,16.848000000000003,0.0,24.96,14.112000000000002,17.831999999999994,30.96,13.079999999999998,52.104,59.712,71.32799999999999,45.672000000000004,30.192000000000004,68.39999999999999,8.999999999999998,13.200000000000001,0.0,13.200000000000001,55.60799999999999,7.512000000000001,8.999999999999998,42.84,30.96,42.84,31.128,19.128,50.304,24.983999999999998,26.856,32.879999999999995,0.0,32.879999999999995,19.992000000000004,31.08,40.36800000000001,31.08,47.160000000000004,34.992000000000004,8.928,52.75199999999999,15.096000000000002,27.743999999999996,18.336000000000002,41.44800000000001,15.096000000000002,5.592,8.999999999999998,5.592,29.160000000000004,46.53600000000001,50.304,38.28,24.936,31.56,26.856,34.416,26.856,59.37599999999999,14.112000000000002,15.888,52.104,15.888,26.856,30.552,24.936,51.35999999999999,30.96,51.35999999999999,24.936,26.304000000000002,40.36800000000001,26.304000000000002,14.112000000000002,26.304000000000002,19.992000000000004,26.304000000000002,29.160000000000004,25.128,8.928,23.28,55.60799999999999,23.28,47.160000000000004,30.192000000000004,30.96,52.51199999999999,55.60799999999999,29.567999999999994,8.928,29.567999999999994,40.36800000000001
25.008000000000003,17.88,4.200000000000004,48.48,48.14399999999999,36.6,37.583999999999996,28.44,49.895999999999994,8.831999999999999,24.96,8.831999999999999,24.96,0.0,33.312,39.912,6.0,11.880000000000003,27.144,34.752,58.272,20.712000000000007,43.248,55.343999999999994,33.959999999999994,26.255999999999997,24.96,26.255999999999997,30.647999999999996,25.752,33.959999999999994,17.88,6.0,17.88,32.904,44.088,37.248,25.176,51.816,43.727999999999994,24.96,43.727999999999994,35.976000000000006,32.99999999999999,25.008000000000003,32.99999999999999,34.104,10.032000000000004,19.152,27.791999999999994,28.152,23.135999999999996,12.96,16.488000000000003,28.152,22.488000000000003,33.959999999999994,22.488000000000003,4.200000000000004,30.168,37.248,13.32,49.895999999999994,44.616,51.816,21.36,51.816,46.32,33.312,28.944,27.144,28.944,51.816,43.608000000000004,49.895999999999994,38.303999999999995,6.0,38.303999999999995,49.895999999999994,16.608,25.008000000000003,16.608,33.312,16.608,35.976000000000006,16.608,4.200000000000004,38.184,19.152,36.192,30.647999999999996,36.192,34.104,36.288000000000004,6.0,27.551999999999996,30.647999999999996,52.175999999999995,19.152,52.175999999999995,25.008000000000003
52.176,51.19199999999999,37.512,25.343999999999994,20.975999999999996,63.768,64.752,55.608000000000004,27.288000000000004,25.2,14.112000000000002,25.2,14.112000000000002,33.312,0.0,31.943999999999996,39.312,26.759999999999998,60.456,68.064,85.44,54.024,19.968,82.512,9.672,14.111999999999998,14.112000000000002,14.111999999999998,63.96,21.624000000000002,9.672,51.19199999999999,39.312,51.19199999999999,45.24,10.776000000000002,64.41600000000001,39.096,19.464000000000002,46.992,14.112000000000002,46.992,34.104,45.19199999999999,52.176,45.19199999999999,61.272,43.344,23.040000000000003,61.104,8.328,41.855999999999995,26.687999999999995,49.8,8.328,19.704,9.672,19.704,37.512,57.336,64.41600000000001,46.632,27.288000000000004,20.375999999999994,19.464000000000002,48.52799999999999,19.464000000000002,73.48800000000001,0.0,11.615999999999998,60.456,11.615999999999998,19.464000000000002,23.688,27.288000000000004,65.472,39.312,65.472,27.288000000000004,34.656,52.176,34.656,0.0,34.656,34.104,34.656,37.512,23.591999999999995,23.040000000000003,37.392,63.96,37.392,61.272,38.544,39.312,60.864,63.96,43.68,23.040000000000003,43.68,52.176
55.32,57.791999999999994,44.112,8.568,52.91999999999999,37.392,32.808,60.047999999999995,9.984000000000004,31.799999999999997,17.831999999999994,31.799999999999997,17.831999999999994,39.912,31.943999999999996,0.0,45.912,28.031999999999993,67.056,74.664,53.496,60.624,48.023999999999994,50.568,22.271999999999995,31.031999999999996,17.831999999999994,31.031999999999996,70.55999999999999,14.159999999999997,22.271999999999995,57.791999999999994,45.912,57.791999999999994,13.296000000000006,22.991999999999994,44.51999999999999,14.735999999999997,12.479999999999993,15.047999999999998,17.831999999999994,15.047999999999998,3.9359999999999946,13.248000000000003,55.32,13.248000000000003,58.08,49.944,20.759999999999994,67.704,32.928,16.776,33.288,56.4,32.928,17.423999999999996,22.271999999999995,17.423999999999996,44.112,61.488,44.51999999999999,53.232,9.984000000000004,49.391999999999996,12.479999999999993,27.671999999999997,12.479999999999993,44.61599999999999,31.943999999999996,33.71999999999999,67.056,33.71999999999999,12.479999999999993,48.384,9.984000000000004,33.528,45.912,33.528,9.984000000000004,41.25599999999999,55.32,41.25599999999999,31.943999999999996,41.25599999999999,3.9359999999999946,41.25599999999999,44.112,42.959999999999994,20.759999999999994,5.4480000000000075,70.55999999999999,5.4480000000000075,58.08,45.144,45.912,67.464,70.55999999999999,12.263999999999998,20.759999999999994,12.263999999999998,55.32
25.392000000000003,14.423999999999994,2.039999999999999,54.48,47.76,36.984,37.967999999999996,28.824,55.895999999999994,14.111999999999997,30.96,14.111999999999997,30.96,6.0,39.312,45.912,0.0,17.880000000000003,21.144000000000002,28.752,58.656,14.712000000000003,42.864,55.727999999999994,39.959999999999994,25.872,30.96,25.872,24.647999999999996,31.752,39.959999999999994,14.423999999999994,0.0,14.423999999999994,38.904,50.088,37.632,31.176,57.816,49.727999999999994,30.96,49.727999999999994,41.976000000000006,39.0,25.392000000000003,39.0,34.488,8.496000000000002,25.152,21.791999999999994,30.983999999999998,29.135999999999996,12.623999999999999,10.488000000000005,30.983999999999998,28.488,39.959999999999994,28.488,2.039999999999999,30.552,37.632,12.6,55.895999999999994,44.232,57.816,21.744,57.816,46.704,39.312,28.559999999999995,21.144000000000002,28.559999999999995,57.816,43.224,55.895999999999994,38.687999999999995,0.0,38.687999999999995,55.895999999999994,16.224,25.392000000000003,16.224,39.312,16.224,41.976000000000006,16.224,2.039999999999999,37.8,25.152,42.192,24.647999999999996,42.192,34.488,35.904,0.0,21.551999999999996,24.647999999999996,58.175999999999995,25.152,58.175999999999995,25.392000000000003
27.288000000000004,29.759999999999998,16.080000000000005,36.599999999999994,47.736,37.007999999999996,37.992,32.016000000000005,38.016,8.424,13.079999999999998,8.424,13.079999999999998,11.880000000000003,26.759999999999998,28.031999999999993,17.880000000000003,0.0,39.024,46.632,58.68000000000001,32.592000000000006,42.84,55.75199999999999,22.08,25.848,13.079999999999998,25.848,42.528000000000006,13.871999999999998,22.08,29.759999999999998,17.880000000000003,29.759999999999998,21.023999999999997,32.208,37.656,13.295999999999998,39.936,31.847999999999992,13.079999999999998,31.847999999999992,24.095999999999997,21.119999999999994,27.288000000000004,21.119999999999994,34.512,21.912000000000006,7.2719999999999985,39.672000000000004,27.744,15.095999999999997,12.552,28.36800000000001,27.744,10.607999999999999,22.08,10.607999999999999,16.080000000000005,33.456,37.656,25.200000000000003,38.016,44.208000000000006,39.936,21.768,39.936,46.727999999999994,26.759999999999998,28.536,39.024,28.536,39.936,43.199999999999996,38.016,38.71199999999999,17.880000000000003,38.71199999999999,38.016,16.2,27.288000000000004,16.2,26.759999999999998,16.2,24.095999999999997,16.2,16.080000000000005,37.775999999999996,7.2719999999999985,24.312,42.528000000000006,24.312,34.512,35.879999999999995,17.880000000000003,39.431999999999995,42.528000000000006,40.296,7.2719999999999985,40.296,27.288000000000004
32.712,21.743999999999993,22.943999999999996,75.624,41.16,44.304,52.48799999999999,36.144,77.04,35.256,52.104,35.256,52.104,27.144,60.456,67.056,21.144000000000002,39.024,0.0,7.607999999999997,65.976,13.776000000000002,40.488,63.04799999999999,61.104,46.343999999999994,52.104,46.343999999999994,22.895999999999997,52.895999999999994,61.104,21.743999999999993,21.144000000000002,21.743999999999993,60.048,71.232,44.95199999999999,52.32,78.96000000000001,70.872,52.104,70.872,63.120000000000005,60.144000000000005,32.712,60.144000000000005,41.808,17.112,46.296,7.607999999999997,52.12799999999999,50.279999999999994,33.768,10.655999999999997,52.12799999999999,49.632,61.104,49.632,22.943999999999996,37.872,44.95199999999999,19.919999999999998,77.04,40.08,78.96000000000001,39.384,78.96000000000001,54.023999999999994,60.456,48.84,0.0,48.84,78.96000000000001,36.768,77.04,46.00799999999999,21.144000000000002,46.00799999999999,77.04,25.799999999999997,32.712,25.799999999999997,60.456,25.799999999999997,63.120000000000005,25.799999999999997,22.943999999999996,36.864000000000004,46.296,63.336,22.895999999999997,63.336,41.808,28.584,21.144000000000002,13.271999999999993,22.895999999999997,79.32,46.296,79.32,32.712
30.528000000000006,19.559999999999995,30.551999999999992,83.232,48.768,42.12,60.096,33.96,84.64800000000001,42.864,59.712,42.864,59.712,34.752,68.064,74.664,28.752,46.632,7.607999999999997,0.0,63.792,14.039999999999994,48.096,60.864,68.71199999999999,53.95199999999999,59.712,53.95199999999999,20.712,60.504,68.71199999999999,19.559999999999995,28.752,19.559999999999995,67.656,78.84,42.768,59.928,86.568,78.48,59.712,78.48,70.72800000000001,67.752,30.528000000000006,67.752,39.624,24.71999999999999,53.903999999999996,6.960000000000001,59.736,57.88799999999999,41.376,18.263999999999992,59.736,57.24,68.71199999999999,57.24,30.551999999999992,35.688,42.768,21.432,84.64800000000001,47.687999999999995,86.568,46.992,86.568,51.84,68.064,56.44799999999999,7.607999999999997,56.44799999999999,86.568,44.376,84.64800000000001,43.82399999999999,28.752,43.82399999999999,84.64800000000001,33.407999999999994,30.528000000000006,33.407999999999994,68.064,33.407999999999994,70.72800000000001,33.407999999999994,30.551999999999992,44.472,53.903999999999996,70.944,20.712,70.944,39.624,30.767999999999994,28.752,11.087999999999996,20.712,86.928,53.903999999999996,86.928,30.528000000000006
33.263999999999996,44.232000000000006,60.696,60.096000000000004,106.416,21.672,20.688000000000002,29.831999999999997,58.152,67.104,71.32799999999999,67.104,71.32799999999999,58.272,85.44,53.496,58.656,58.68000000000001,65.976,63.792,0.0,52.199999999999996,101.51999999999998,8.304000000000011,75.768,84.52799999999999,71.32799999999999,84.52799999999999,43.08,63.815999999999995,75.768,44.232000000000006,58.656,44.232000000000006,40.199999999999996,76.488,21.024000000000004,46.344,65.976,38.44800000000001,71.32799999999999,38.44800000000001,51.336,40.248000000000005,33.263999999999996,40.248000000000005,26.855999999999995,50.16,62.4,58.367999999999995,86.424,43.58400000000001,71.232,59.111999999999995,86.424,65.736,75.768,65.736,60.696,30.263999999999996,21.024000000000004,46.056000000000004,58.152,102.888,65.976,36.912,65.976,13.391999999999987,85.44,87.21600000000001,65.976,87.21600000000001,65.976,101.88,58.152,19.968000000000007,58.656,19.968000000000007,58.152,74.88,33.263999999999996,74.88,85.44,74.88,51.336,74.88,60.696,96.45599999999999,62.4,48.047999999999995,43.08,48.047999999999995,26.855999999999995,94.55999999999999,58.656,52.70400000000001,43.08,43.488,62.4,43.488,33.263999999999996
18.936,7.967999999999989,16.512,69.19200000000001,54.21600000000001,30.527999999999995,46.056000000000004,22.368,70.608,28.824,45.672000000000004,28.824,45.672000000000004,20.712000000000007,54.024,60.624,14.712000000000003,32.592000000000006,13.776000000000002,14.039999999999994,52.199999999999996,0.0,49.32,49.27199999999999,54.672,39.912,45.672000000000004,39.912,9.935999999999996,46.464000000000006,54.672,7.967999999999989,14.712000000000003,7.967999999999989,53.61600000000001,64.80000000000001,31.175999999999995,45.88800000000001,72.528,64.44,45.672000000000004,64.44,56.68800000000001,53.712,18.936,53.712,28.031999999999996,10.68,39.864000000000004,7.079999999999994,45.696000000000005,43.848000000000006,27.336,6.912000000000002,45.696000000000005,43.20000000000001,54.672,43.20000000000001,16.512,24.095999999999997,31.175999999999995,7.392000000000002,70.608,50.688,72.528,32.952000000000005,72.528,40.248,54.024,42.408,13.776000000000002,42.408,72.528,49.68000000000001,70.608,32.23199999999999,14.712000000000003,32.23199999999999,70.608,22.680000000000007,18.936,22.680000000000007,54.024,22.680000000000007,56.68800000000001,22.680000000000007,16.512,44.256,39.864000000000004,56.90400000000001,9.935999999999996,56.90400000000001,28.031999999999996,42.35999999999999,14.712000000000003,6.839999999999993,9.935999999999996,72.888,39.864000000000004,72.888,18.936
68.256,57.28799999999999,40.82399999999999,41.42399999999999,4.896,79.84799999999998,80.832,71.688,43.36800000000001,34.416,30.192000000000004,34.416,30.192000000000004,43.248,19.968,48.023999999999994,42.864,42.84,40.488,48.096,101.51999999999998,49.32,0.0,98.59199999999998,25.752,16.992,30.192000000000004,16.992,58.44,37.704,25.752,57.28799999999999,42.864,57.28799999999999,61.32,30.744,80.496,55.176,38.472,63.07199999999999,30.192000000000004,63.07199999999999,50.184000000000005,61.272,68.256,61.272,77.352,51.35999999999999,39.12,43.152,15.096,57.936,30.288,42.408,15.096,35.784,25.752,35.784,40.82399999999999,73.416,80.496,55.464,43.36800000000001,1.368,38.472,64.608,38.472,89.568,19.968,14.304000000000002,40.488,14.304000000000002,38.472,3.7199999999999998,43.36800000000001,81.55199999999999,42.864,81.55199999999999,43.36800000000001,26.639999999999997,68.256,26.639999999999997,19.968,26.639999999999997,50.184000000000005,26.639999999999997,40.82399999999999,5.064000000000001,39.12,53.472,58.44,53.472,77.352,18.576,42.864,48.81599999999999,58.44,59.75999999999999,39.12,59.75999999999999,68.256
32.400000000000006,41.304,57.768,57.168,103.48799999999999,18.743999999999996,17.759999999999994,37.12800000000001,55.22399999999999,64.17599999999999,68.39999999999999,64.17599999999999,68.39999999999999,55.343999999999994,82.512,50.568,55.727999999999994,55.75199999999999,63.04799999999999,60.864,8.304000000000011,49.27199999999999,98.59199999999998,0.0,72.83999999999999,81.6,68.39999999999999,81.6,47.64,60.88799999999999,72.83999999999999,41.304,55.727999999999994,41.304,37.27199999999999,73.55999999999999,21.599999999999998,43.41599999999999,63.04799999999999,35.52,68.39999999999999,35.52,48.407999999999994,37.31999999999999,32.400000000000006,37.31999999999999,35.160000000000004,47.232,59.471999999999994,55.43999999999999,83.496,40.65599999999999,68.304,56.18399999999999,83.496,62.80799999999999,72.83999999999999,62.80799999999999,57.768,38.568000000000005,21.599999999999998,43.12799999999999,55.22399999999999,99.96,63.04799999999999,33.983999999999995,63.04799999999999,21.695999999999998,82.512,84.288,63.04799999999999,84.288,63.04799999999999,98.95199999999998,55.22399999999999,17.040000000000003,55.727999999999994,17.040000000000003,55.22399999999999,71.952,32.400000000000006,71.952,82.512,71.952,48.407999999999994,71.952,57.768,93.52799999999999,59.471999999999994,45.11999999999999,47.64,45.11999999999999,35.160000000000004,91.63199999999998,55.727999999999994,49.775999999999996,47.64,38.832,59.471999999999994,38.832,32.400000000000006
49.367999999999995,51.83999999999999,38.16,15.671999999999997,30.647999999999996,54.096,55.08,54.096,17.616000000000003,25.848,8.999999999999998,25.848,8.999999999999998,33.959999999999994,9.672,22.271999999999995,39.959999999999994,22.08,61.104,68.71199999999999,75.768,54.672,25.752,72.83999999999999,0.0,14.76,8.999999999999998,14.76,64.60799999999999,11.952000000000004,0.0,51.83999999999999,39.959999999999994,51.83999999999999,35.568,10.128000000000002,54.74399999999999,29.424000000000003,17.856,37.31999999999999,8.999999999999998,37.31999999999999,24.432000000000002,35.52,49.367999999999995,35.52,52.12799999999999,43.992,14.807999999999996,61.75199999999999,10.655999999999999,32.184,27.336,50.44799999999999,10.655999999999999,11.471999999999996,0.0,11.471999999999996,38.16,55.536,54.74399999999999,47.279999999999994,17.616000000000003,27.119999999999997,17.856,38.856,17.856,63.815999999999995,9.672,12.263999999999998,61.104,12.263999999999998,17.856,26.111999999999995,17.616000000000003,55.79999999999999,39.959999999999994,55.79999999999999,17.616000000000003,35.304,49.367999999999995,35.304,9.672,35.304,24.432000000000002,35.304,38.16,24.24,14.807999999999996,27.72,64.60799999999999,27.72,52.12799999999999,39.19199999999999,39.959999999999994,61.511999999999986,64.60799999999999,34.007999999999996,14.807999999999996,34.007999999999996,49.367999999999995
51.263999999999996,40.296,23.831999999999997,29.279999999999998,21.887999999999998,62.855999999999995,63.84,54.696,30.696000000000005,17.424,13.200000000000001,17.424,13.200000000000001,26.255999999999997,14.111999999999998,31.031999999999996,25.872,25.848,46.343999999999994,53.95199999999999,84.52799999999999,39.912,16.992,81.6,14.76,0.0,13.200000000000001,0.0,49.848,20.712000000000007,14.76,40.296,25.872,40.296,44.328,24.888,63.504,38.184,32.616,46.08,13.200000000000001,46.08,33.192,44.279999999999994,51.263999999999996,44.279999999999994,60.35999999999999,34.368,22.128000000000004,46.992,5.784000000000002,40.943999999999996,13.296,35.688,5.784000000000002,18.792,14.76,18.792,23.831999999999997,56.42399999999999,63.504,38.472,30.696000000000005,18.359999999999996,32.616,47.61600000000001,32.616,72.57600000000001,14.111999999999998,2.687999999999998,46.343999999999994,2.687999999999998,32.616,17.351999999999997,30.696000000000005,64.55999999999999,25.872,64.55999999999999,30.696000000000005,20.543999999999997,51.263999999999996,20.543999999999997,14.111999999999998,20.543999999999997,33.192,20.543999999999997,23.831999999999997,11.927999999999997,22.128000000000004,36.480000000000004,49.848,36.480000000000004,60.35999999999999,24.432,25.872,46.75199999999999,49.848,42.768,22.128000000000004,42.768,51.263999999999996
40.36800000000001,42.84,29.160000000000004,23.519999999999996,35.088,49.65599999999999,50.64,45.096,24.936,16.848000000000003,0.0,16.848000000000003,0.0,24.96,14.112000000000002,17.831999999999994,30.96,13.079999999999998,52.104,59.712,71.32799999999999,45.672000000000004,30.192000000000004,68.39999999999999,8.999999999999998,13.200000000000001,0.0,13.200000000000001,55.60799999999999,7.512000000000001,8.999999999999998,42.84,30.96,42.84,31.128,19.128,50.304,24.983999999999998,26.856,32.879999999999995,0.0,32.879999999999995,19.992000000000004,31.08,40.36800000000001,31.08,47.160000000000004,34.992000000000004,8.928,52.75199999999999,15.096000000000002,27.743999999999996,18.336000000000002,41.44800000000001,15.096000000000002,5.592,8.999999999999998,5.592,29.160000000000004,46.53600000000001,50.304,38.28,24.936,31.56,26.856,34.416,26.856,59.37599999999999,14.112000000000002,15.888,52.104,15.888,26.856,30.552,24.936,51.35999999999999,30.96,51.35999999999999,24.936,26.304000000000002,40.36800000000001,26.304000000000002,14.112000000000002,26.304000000000002,19.992000000000004,26.304000000000002,29.160000000000004,25.128,8.928,23.28,55.60799999999999,23.28,47.160000000000004,30.192000000000004,30.96,52.51199999999999,55.60799999999999,29.567999999999994,8.928,29.567999999999994,40.36800000000001
51.263999999999996,40.296,23.831999999999997,29.279999999999998,21.887999999999998,62.855999999999995,63.84,54.696,30.696000000000005,17.424,13.200000000000001,17.424,13.200000000000001,26.255999999999997,14.111999999999998,31.031999999999996,25.872,25.848,46.343999999999994,53.95199999999999,84.52799999999999,39.912,16.992,81.6,14.76,0.0,13.200000000000001,0.0,49.848,20.712000000000007,14.76,40.296,25.872,40.296,44.328,24.888,63.504,38.184,32.616,46.08,13.200000000000001,46.08,33.192,44.279999999999994,51.263999999999996,44.279999999999994,60.35999999999999,34.368,22.128000000000004,46.992,5.784000000000002,40.943999999999996,13.296,35.688,5.784000000000002,18.792,14.76,18.792,23.831999999999997,56.42399999999999,63.504,38.472,30.696000000000005,18.359999999999996,32.616,47.61600000000001,32.616,72.57600000000001,14.111999999999998,2.687999999999998,46.343999999999994,2.687999999999998,32.616,17.351999999999997,30.696000000000005,64.55999999999999,25.872,64.55999999999999,30.696000000000005,20.543999999999997,51.263999999999996,20.543999999999997,14.111999999999998,20.543999999999997,33.192,20.543999999999997,23.831999999999997,11.927999999999997,22.128000000000004,36.480000000000004,49.848,36.480000000000004,60.35999999999999,24.432,25.872,46.75199999999999,49.848,42.768,22.128000000000004,42.768,51.263999999999996
15.239999999999997,12.768000000000002,26.447999999999997,79.128,63.336,33.16799999999999,55.99199999999999,13.248000000000001,80.544,38.76,55.60799999999999,38.76,55.60799999999999,30.647999999999996,63.96,70.55999999999999,24.647999999999996,42.528000000000006,22.895999999999997,20.712,43.08,9.935999999999996,58.44,47.64,64.60799999999999,49.848,55.60799999999999,49.848,0.0,56.4,64.60799999999999,12.768000000000002,24.647999999999996,12.768000000000002,63.552,74.736,26.040000000000003,55.82399999999999,82.464,74.37599999999999,55.60799999999999,74.37599999999999,66.624,63.64799999999999,15.239999999999997,63.64799999999999,18.912,20.616,49.8,15.288000000000002,55.632,53.78399999999999,37.272,16.032,55.632,53.135999999999996,64.60799999999999,53.135999999999996,26.447999999999997,14.975999999999997,26.040000000000003,17.328,80.544,59.80799999999999,82.464,42.88799999999999,82.464,31.127999999999997,63.96,52.344,22.895999999999997,52.344,82.464,58.8,80.544,38.663999999999994,24.647999999999996,38.663999999999994,80.544,31.799999999999997,15.239999999999997,31.799999999999997,63.96,31.799999999999997,66.624,31.799999999999997,26.447999999999997,53.376000000000005,49.8,66.84,0.0,66.84,18.912,51.48,24.647999999999996,9.624000000000006,0.0,82.824,49.8,82.824,15.239999999999997
41.160000000000004,43.632,29.952000000000005,22.727999999999998,42.6,42.144,43.12799999999999,45.888,24.144,17.640000000000004,7.512000000000001,17.640000000000004,7.512000000000001,25.752,21.624000000000002,14.159999999999997,31.752,13.871999999999998,52.895999999999994,60.504,63.815999999999995,46.464000000000006,37.704,60.88799999999999,11.952000000000004,20.712000000000007,7.512000000000001,20.712000000000007,56.4,0.0,11.952000000000004,43.632,31.752,43.632,23.616,18.336,42.791999999999994,17.471999999999998,26.064,25.36799999999999,7.512000000000001,25.36799999999999,12.48,23.567999999999994,41.160000000000004,23.567999999999994,43.92,35.784000000000006,6.6,53.544,22.608000000000004,20.231999999999996,19.128,42.24,22.608000000000004,3.2639999999999985,11.952000000000004,3.2639999999999985,29.952000000000005,47.328,42.791999999999994,39.072,24.144,39.072,26.064,26.903999999999996,26.064,51.864,21.624000000000002,23.4,52.895999999999994,23.4,26.064,38.064,24.144,43.84799999999999,31.752,43.84799999999999,24.144,27.096,41.160000000000004,27.096,21.624000000000002,27.096,12.48,27.096,29.952000000000005,32.64,6.6,15.768,56.4,15.768,43.92,30.983999999999998,31.752,53.304,56.4,26.423999999999992,6.6,26.423999999999992,41.160000000000004
