0.0,24.455999999999996,12.792,54.696,37.056,54.696,19.656,40.967999999999996,18.168,40.272,22.199999999999996,40.272,57.648,20.952,44.904,20.952,37.056,12.192000000000004,22.199999999999996,20.616,57.959999999999994,63.263999999999996,33.431999999999995,61.44,36.864000000000004,6.792,28.92,10.799999999999999,53.208,59.688,26.520000000000003,27.552,67.2,62.952000000000005,39.023999999999994,25.247999999999998,44.904,57.264,53.208,57.264,48.48,42.55200000000001,37.104,17.28,13.679999999999996,61.848000000000006,25.536,41.136,50.232,40.05600000000001,0.0,8.4,53.208,8.4,57.648,44.687999999999995,67.2,44.424,67.2,30.912,37.056,47.85600000000001,18.168,36.72,33.431999999999995,27.983999999999998,37.056,27.983999999999998,48.48,40.344,57.959999999999994,41.016000000000005,37.056,41.016000000000005,13.679999999999996,34.824000000000005,12.792,12.408,12.792,37.68,18.168,20.016,39.023999999999994,20.016,19.656,20.016,36.864000000000004,23.208000000000002,53.208,28.92,67.2,80.44800000000001,57.959999999999994,50.4,19.656,19.656000000000002,26.520000000000003,19.679999999999996,13.679999999999996,43.943999999999996,0.0
24.455999999999996,0.0,18.432,62.06399999999999,29.68799999999999,62.06399999999999,27.024,33.59999999999999,25.536000000000005,44.760000000000005,46.65599999999999,44.760000000000005,34.87200000000001,25.103999999999996,52.272,25.103999999999996,29.68799999999999,19.368000000000006,46.65599999999999,29.04,65.32800000000002,70.632,40.8,68.808,44.232000000000006,29.136,36.288000000000004,18.168000000000003,28.752,35.232,8.111999999999997,34.92000000000001,42.74400000000001,38.495999999999995,14.568,40.440000000000005,52.272,32.80800000000001,28.752,32.80800000000001,43.32000000000001,28.464000000000006,29.73599999999999,24.648000000000007,38.13599999999999,37.392,49.99199999999999,33.767999999999994,57.599999999999994,16.703999999999994,24.455999999999996,16.055999999999997,28.752,16.055999999999997,34.87200000000001,20.232,42.74400000000001,51.792,42.74400000000001,23.543999999999997,29.68799999999999,23.40000000000001,25.536000000000005,12.263999999999998,40.8,35.352000000000004,29.68799999999999,35.352000000000004,43.32000000000001,32.97599999999999,65.32800000000002,48.0,29.68799999999999,48.0,38.13599999999999,42.192000000000014,18.432,15.647999999999998,18.432,20.760000000000005,25.536000000000005,27.384000000000004,14.568,27.384000000000004,27.024,27.384000000000004,44.232000000000006,8.304000000000006,28.752,36.288000000000004,42.74400000000001,55.992000000000004,65.32800000000002,57.76800000000001,27.024,44.112,8.111999999999997,27.24,38.13599999999999,51.312000000000005,24.455999999999996
12.792,18.432,0.0,67.48799999999999,24.263999999999996,67.48799999999999,32.448,28.175999999999995,30.96,50.184,28.223999999999993,50.184,51.624,8.16,57.696,8.16,24.263999999999996,24.791999999999998,28.223999999999993,33.408,70.752,76.056,46.224,74.232,49.656,10.704000000000002,41.712,23.592,47.184,53.663999999999994,20.496000000000006,40.344,61.176,56.928000000000004,33.0,38.04,57.696,51.24,47.184,51.24,48.744,36.528000000000006,24.311999999999998,30.072000000000003,19.703999999999994,55.824,32.184,28.343999999999994,63.024,34.032000000000004,12.792,16.823999999999998,47.184,16.823999999999998,51.624,38.663999999999994,61.176,57.21600000000001,61.176,18.12,24.263999999999996,41.83200000000001,30.96,30.695999999999998,46.224,40.776,24.263999999999996,40.776,48.744,27.552,70.752,53.424,24.263999999999996,53.424,19.703999999999994,47.61600000000001,0.0,2.7840000000000003,0.0,31.656000000000002,30.96,32.808,33.0,32.808,32.448,32.808,49.656,17.184000000000005,47.184,41.712,61.176,74.424,70.752,63.192,32.448,27.935999999999996,20.496000000000006,8.808,19.703999999999994,56.736,12.792
54.696,62.06399999999999,67.48799999999999,0.0,91.75200000000001,0.0,35.04,95.664,36.528,24.407999999999998,45.98399999999999,24.407999999999998,41.784,75.648,13.872000000000002,75.648,91.75200000000001,42.696,45.98399999999999,34.08,16.704,13.463999999999999,21.264,6.744000000000001,17.831999999999997,61.48799999999999,25.775999999999996,43.895999999999994,72.86399999999999,61.967999999999996,70.176,27.143999999999995,51.336,47.088,49.943999999999996,31.848,13.872000000000002,59.83200000000001,72.86399999999999,59.83200000000001,32.616,33.6,91.8,37.416,53.73599999999999,59.279999999999994,41.4,95.83199999999998,21.552,78.768,54.696,50.663999999999994,72.86399999999999,50.663999999999994,41.784,43.752,51.336,25.296,51.336,85.608,91.75200000000001,72.84,36.528,60.64799999999999,21.264,26.711999999999996,91.75200000000001,26.711999999999996,32.616,95.04,16.704,25.152,91.75200000000001,25.152,53.73599999999999,19.871999999999993,67.48799999999999,67.104,67.48799999999999,41.304,36.528,34.68,49.943999999999996,34.68,35.04,34.68,17.831999999999997,53.75999999999999,72.86399999999999,25.776,51.336,64.584,16.704,4.2959999999999985,35.04,39.552,70.176,74.37599999999999,53.73599999999999,10.752,54.696
37.056,29.68799999999999,24.263999999999996,91.75200000000001,0.0,91.75200000000001,56.711999999999996,7.70400000000001,55.22399999999999,74.448,45.768,74.448,64.56,21.431999999999995,81.96,21.431999999999995,0.0,49.05599999999999,45.768,57.67199999999999,95.016,100.32,70.48799999999999,98.496,73.92,30.263999999999996,65.976,47.855999999999995,32.424,38.904,21.575999999999997,64.608,51.072,58.488,41.808,62.304,81.96,36.48000000000001,32.424,36.48000000000001,73.008,58.152,0.5759999999999962,54.336,38.016,41.06400000000001,56.44799999999999,6.815999999999999,87.28800000000001,19.27200000000001,37.056,41.087999999999994,32.424,41.087999999999994,64.56,48.0,51.072,81.48,51.072,12.815999999999999,0.0,27.07200000000001,55.22399999999999,31.104,70.48799999999999,65.04,0.0,65.04,73.008,3.288000000000002,95.016,77.688,0.0,77.688,38.016,71.88000000000001,24.263999999999996,24.647999999999996,24.263999999999996,50.44799999999999,55.22399999999999,57.072,41.808,57.072,56.711999999999996,57.072,73.92,37.992,32.424,65.976,51.072,59.664,95.016,87.45599999999999,56.711999999999996,52.19999999999999,21.575999999999997,23.567999999999994,38.016,81.0,37.056
54.696,62.06399999999999,67.48799999999999,0.0,91.75200000000001,0.0,35.04,95.664,36.528,24.407999999999998,45.98399999999999,24.407999999999998,41.784,75.648,13.872000000000002,75.648,91.75200000000001,42.696,45.98399999999999,34.08,16.704,13.463999999999999,21.264,6.744000000000001,17.831999999999997,61.48799999999999,25.775999999999996,43.895999999999994,72.86399999999999,61.967999999999996,70.176,27.143999999999995,51.336,47.088,49.943999999999996,31.848,13.872000000000002,59.83200000000001,72.86399999999999,59.83200000000001,32.616,33.6,91.8,37.416,53.73599999999999,59.279999999999994,41.4,95.83199999999998,21.552,78.768,54.696,50.663999999999994,72.86399999999999,50.663999999999994,41.784,43.752,51.336,25.296,51.336,85.608,91.75200000000001,72.84,36.528,60.64799999999999,21.264,26.711999999999996,91.75200000000001,26.711999999999996,32.616,95.04,16.704,25.152,91.75200000000001,25.152,53.73599999999999,19.871999999999993,67.48799999999999,67.104,67.48799999999999,41.304,36.528,34.68,49.943999999999996,34.68,35.04,34.68,17.831999999999997,53.75999999999999,72.86399999999999,25.776,51.336,64.584,16.704,4.2959999999999985,35.04,39.552,70.176,74.37599999999999,53.73599999999999,10.752,54.696
19.656,27.024,32.448,35.04,56.711999999999996,35.04,0.0,60.623999999999995,12.576,23.976,38.495999999999995,23.976,41.35199999999999,40.608000000000004,25.247999999999998,40.608000000000004,56.711999999999996,7.655999999999999,38.495999999999995,20.880000000000003,38.304,43.608000000000004,13.776,41.784000000000006,17.208000000000002,26.447999999999997,9.264000000000003,9.048000000000004,37.82399999999999,43.391999999999996,35.136,26.136,50.903999999999996,46.65599999999999,22.727999999999998,32.28,25.247999999999998,40.967999999999996,37.82399999999999,40.967999999999996,32.184,26.256,56.75999999999999,13.703999999999999,29.975999999999996,45.552,41.832,60.791999999999994,30.576,43.727999999999994,19.656,15.623999999999999,37.82399999999999,15.623999999999999,41.35199999999999,28.391999999999996,50.903999999999996,24.863999999999997,50.903999999999996,50.568,56.711999999999996,37.8,12.576,25.607999999999993,13.776,14.856,56.711999999999996,14.856,32.184,60.0,38.304,24.719999999999995,56.711999999999996,24.719999999999995,29.975999999999996,17.903999999999996,32.448,32.064,32.448,21.384,12.576,17.256,22.727999999999998,17.256,0.0,17.256,17.208000000000002,18.719999999999995,37.82399999999999,9.264000000000001,50.903999999999996,64.152,38.304,30.744000000000003,0.0,35.952000000000005,35.136,39.336,29.975999999999996,24.288,19.656
40.967999999999996,33.59999999999999,28.175999999999995,95.664,7.70400000000001,95.664,60.623999999999995,0.0,59.135999999999996,78.36,50.688,78.36,68.472,29.136000000000003,85.872,29.136000000000003,7.70400000000001,52.967999999999996,50.688,61.58399999999999,98.928,104.23199999999997,74.39999999999999,102.408,77.832,34.175999999999995,69.88799999999999,51.768,24.71999999999999,33.69599999999999,25.487999999999992,68.52,54.983999999999995,62.4,45.72,66.216,85.872,35.831999999999994,24.71999999999999,35.831999999999994,76.91999999999999,62.06399999999999,8.280000000000006,58.248,42.168,36.38399999999999,60.35999999999999,0.8880000000000109,91.2,16.895999999999997,40.967999999999996,45.0,24.71999999999999,45.0,68.472,51.91199999999999,54.983999999999995,85.392,54.983999999999995,20.52000000000001,7.70400000000001,22.823999999999995,59.135999999999996,35.016,74.39999999999999,68.95199999999998,7.70400000000001,68.95199999999998,76.91999999999999,4.512000000000006,98.928,81.6,7.70400000000001,81.6,42.168,75.79199999999999,28.175999999999995,28.559999999999995,28.175999999999995,54.35999999999999,59.135999999999996,60.98399999999999,45.72,60.98399999999999,60.623999999999995,60.98399999999999,77.832,41.904,24.71999999999999,69.88799999999999,54.983999999999995,54.98399999999999,98.928,91.368,60.623999999999995,56.11199999999999,25.487999999999992,31.272000000000006,42.168,84.91199999999999,40.967999999999996
18.168,25.536000000000005,30.96,36.528,55.22399999999999,36.528,12.576,59.135999999999996,0.0,36.552,25.919999999999995,36.552,53.928,39.12,26.735999999999997,39.12,55.22399999999999,8.472000000000003,25.919999999999995,8.304000000000002,39.792,45.096,16.8,43.272,21.863999999999997,24.96,20.159999999999997,7.368,49.48799999999999,55.967999999999996,33.648,13.559999999999999,63.48,59.232,35.303999999999995,19.704,26.735999999999997,53.544000000000004,49.48799999999999,53.544000000000004,44.76,38.832,55.272,1.1279999999999994,17.4,58.128,29.256,59.304,33.696,42.24,18.168,14.136000000000001,49.48799999999999,14.136000000000001,53.928,40.967999999999996,63.48,37.44,63.48,49.080000000000005,55.22399999999999,44.136,0.0,32.99999999999999,16.8,9.816,55.22399999999999,9.816,44.76,58.512,39.792,37.296,55.22399999999999,37.296,17.4,30.479999999999997,30.96,30.576,30.96,33.96,0.0,4.680000000000001,35.303999999999995,4.680000000000001,12.576,4.680000000000001,21.863999999999997,19.488000000000003,49.48799999999999,10.751999999999999,63.48,76.728,39.792,32.232,12.576,23.376000000000005,33.648,37.848,17.4,25.776,18.168
40.272,44.760000000000005,50.184,24.407999999999998,74.448,24.407999999999998,23.976,78.36,36.552,0.0,62.471999999999994,0.0,17.375999999999998,58.344,38.279999999999994,58.344,74.448,28.08,62.471999999999994,44.855999999999995,20.568,25.871999999999996,19.752,24.048,14.687999999999997,44.952,16.392000000000003,33.024,55.559999999999995,44.66400000000001,52.872,50.111999999999995,26.928,22.680000000000003,32.63999999999999,56.25599999999999,38.279999999999994,42.528000000000006,55.559999999999995,42.528000000000006,8.207999999999998,16.296000000000003,74.496,37.68,53.95199999999999,41.976000000000006,65.808,78.52799999999999,12.839999999999998,61.464,40.272,33.36,55.559999999999995,33.36,17.375999999999998,26.447999999999997,26.928,7.031999999999998,26.928,68.304,74.448,55.536,36.552,43.343999999999994,19.752,38.832,74.448,38.832,8.207999999999998,77.736,20.568,3.239999999999998,74.448,3.239999999999998,53.95199999999999,6.072,50.184,49.8,50.184,24.0,36.552,41.232,32.63999999999999,41.232,23.976,41.232,14.687999999999997,36.455999999999996,55.559999999999995,32.712,26.928,40.176,20.568,28.223999999999997,23.976,59.928,52.872,57.072,53.95199999999999,14.424,40.272
22.199999999999996,46.65599999999999,28.223999999999993,45.98399999999999,45.768,45.98399999999999,38.495999999999995,50.688,25.919999999999995,62.471999999999994,0.0,62.471999999999994,79.84799999999998,29.664,36.19199999999999,29.664,45.768,34.391999999999996,0.0,17.615999999999996,54.76799999999999,54.55199999999999,42.72,52.727999999999994,47.784,17.519999999999992,46.07999999999999,29.447999999999993,75.40799999999999,81.88799999999999,48.72,18.84,89.39999999999999,85.152,61.22399999999999,16.535999999999998,36.19199999999999,79.464,75.40799999999999,79.464,70.67999999999999,64.752,45.815999999999995,24.791999999999998,8.52,84.04799999999999,10.679999999999994,49.848,59.616,62.256,22.199999999999996,30.599999999999994,75.40799999999999,30.599999999999994,79.84799999999998,66.88799999999999,89.39999999999999,63.35999999999999,89.39999999999999,39.624,45.768,70.056,25.919999999999995,58.91999999999999,42.72,23.639999999999997,45.768,23.639999999999997,70.67999999999999,49.056,54.76799999999999,63.215999999999994,45.768,63.215999999999994,8.52,56.39999999999999,28.223999999999993,31.007999999999996,28.223999999999993,59.879999999999995,25.919999999999995,21.24,61.22399999999999,21.24,38.495999999999995,21.24,47.784,45.408,75.40799999999999,29.759999999999994,89.39999999999999,102.64799999999998,54.76799999999999,41.688,38.495999999999995,6.431999999999993,48.72,28.392,8.52,48.047999999999995,22.199999999999996
40.272,44.760000000000005,50.184,24.407999999999998,74.448,24.407999999999998,23.976,78.36,36.552,0.0,62.471999999999994,0.0,17.375999999999998,58.344,38.279999999999994,58.344,74.448,28.08,62.471999999999994,44.855999999999995,20.568,25.871999999999996,19.752,24.048,14.687999999999997,44.952,16.392000000000003,33.024,55.559999999999995,44.66400000000001,52.872,50.111999999999995,26.928,22.680000000000003,32.63999999999999,56.25599999999999,38.279999999999994,42.528000000000006,55.559999999999995,42.528000000000006,8.207999999999998,16.296000000000003,74.496,37.68,53.95199999999999,41.976000000000006,65.808,78.52799999999999,12.839999999999998,61.464,40.272,33.36,55.559999999999995,33.36,17.375999999999998,26.447999999999997,26.928,7.031999999999998,26.928,68.304,74.448,55.536,36.552,43.343999999999994,19.752,38.832,74.448,38.832,8.207999999999998,77.736,20.568,3.239999999999998,74.448,3.239999999999998,53.95199999999999,6.072,50.184,49.8,50.184,24.0,36.552,41.232,32.63999999999999,41.232,23.976,41.232,14.687999999999997,36.455999999999996,55.559999999999995,32.712,26.928,40.176,20.568,28.223999999999997,23.976,59.928,52.872,57.072,53.95199999999999,14.424,40.272
57.648,34.87200000000001,51.624,41.784,64.56,41.784,41.35199999999999,68.472,53.928,17.375999999999998,79.84799999999998,17.375999999999998,0.0,58.29599999999999,55.65599999999999,58.29599999999999,64.56,45.455999999999996,79.84799999999998,62.232,30.456000000000003,35.76,37.12799999999999,40.224,32.064,62.328,33.768,50.4,45.672000000000004,34.776,42.98400000000001,67.48799999999999,13.488000000000001,6.072000000000003,22.751999999999995,73.63199999999999,55.65599999999999,32.64,45.672000000000004,32.64,9.168000000000001,15.095999999999995,64.608,55.05599999999999,71.32799999999999,32.088,83.18400000000001,68.64,22.727999999999998,51.576,57.648,49.248,45.672000000000004,49.248,0.0,16.56,13.488000000000001,16.919999999999998,13.488000000000001,58.416000000000004,64.56,45.648,53.928,33.455999999999996,37.12799999999999,56.20799999999999,64.56,56.20799999999999,9.168000000000001,67.848,30.456000000000003,16.631999999999998,64.56,16.631999999999998,71.32799999999999,23.447999999999997,51.624,48.84,51.624,19.967999999999996,53.928,58.60799999999999,22.751999999999995,58.60799999999999,41.35199999999999,58.60799999999999,32.064,34.43999999999999,45.672000000000004,50.088,13.488000000000001,22.800000000000004,30.456000000000003,45.6,41.35199999999999,77.304,42.98400000000001,60.431999999999995,71.32799999999999,31.799999999999997,57.648
20.952,25.103999999999996,8.16,75.648,21.431999999999995,75.648,40.608000000000004,29.136000000000003,39.12,58.344,29.664,58.344,58.29599999999999,0.0,65.856,0.0,21.431999999999995,32.952,29.664,41.568,78.91199999999999,84.21600000000001,54.384,82.392,57.816,14.16,49.872,31.752,53.855999999999995,60.336,27.168000000000003,48.504,67.848,63.599999999999994,39.672000000000004,46.199999999999996,65.856,57.912000000000006,53.855999999999995,57.912000000000006,56.903999999999996,43.199999999999996,20.855999999999998,38.232,21.912000000000006,62.495999999999995,40.343999999999994,28.247999999999994,71.18400000000001,40.704,20.952,24.983999999999998,53.855999999999995,24.983999999999998,58.29599999999999,45.336,67.848,65.376,67.848,9.96,21.431999999999995,48.504,39.12,37.367999999999995,54.384,48.936,21.431999999999995,48.936,56.903999999999996,24.624,78.91199999999999,61.584,21.431999999999995,61.584,21.912000000000006,55.776,8.16,9.455999999999998,8.16,38.328,39.12,40.967999999999996,39.672000000000004,40.967999999999996,40.608000000000004,40.967999999999996,57.816,23.856,53.855999999999995,49.872,67.848,81.09599999999999,78.91199999999999,71.352,40.608000000000004,36.096,27.168000000000003,2.1360000000000015,21.912000000000006,64.896,20.952
44.904,52.272,57.696,13.872000000000002,81.96,13.872000000000002,25.247999999999998,85.872,26.735999999999997,38.279999999999994,36.19199999999999,38.279999999999994,55.65599999999999,65.856,0.0,65.856,81.96,32.903999999999996,36.19199999999999,24.287999999999997,30.576000000000004,27.336,18.528000000000002,16.536,23.592000000000002,51.696,21.887999999999998,34.104,63.07199999999999,57.696,60.384,17.351999999999997,65.208,60.959999999999994,40.151999999999994,19.656,0.0,55.272,63.07199999999999,55.272,46.48799999999999,40.56,82.008,27.624,43.943999999999996,59.856,27.528,86.03999999999998,35.424,68.976,44.904,40.872,63.07199999999999,40.872,55.65599999999999,42.696,65.208,39.168,65.208,75.816,81.96,63.047999999999995,26.735999999999997,50.855999999999995,18.528000000000002,16.919999999999998,81.96,16.919999999999998,46.48799999999999,85.24799999999999,30.576000000000004,39.023999999999994,81.96,39.023999999999994,43.943999999999996,32.208,57.696,57.312,57.696,35.688,26.735999999999997,24.887999999999998,40.151999999999994,24.887999999999998,25.247999999999998,24.887999999999998,23.592000000000002,43.967999999999996,63.07199999999999,15.984,65.208,78.45599999999999,30.576000000000004,10.056000000000003,25.247999999999998,29.759999999999998,60.384,64.58399999999999,43.943999999999996,23.856,44.904
20.952,25.103999999999996,8.16,75.648,21.431999999999995,75.648,40.608000000000004,29.136000000000003,39.12,58.344,29.664,58.344,58.29599999999999,0.0,65.856,0.0,21.431999999999995,32.952,29.664,41.568,78.91199999999999,84.21600000000001,54.384,82.392,57.816,14.16,49.872,31.752,53.855999999999995,60.336,27.168000000000003,48.504,67.848,63.599999999999994,39.672000000000004,46.199999999999996,65.856,57.912000000000006,53.855999999999995,57.912000000000006,56.903999999999996,43.199999999999996,20.855999999999998,38.232,21.912000000000006,62.495999999999995,40.343999999999994,28.247999999999994,71.18400000000001,40.704,20.952,24.983999999999998,53.855999999999995,24.983999999999998,58.29599999999999,45.336,67.848,65.376,67.848,9.96,21.431999999999995,48.504,39.12,37.367999999999995,54.384,48.936,21.431999999999995,48.936,56.903999999999996,24.624,78.91199999999999,61.584,21.431999999999995,61.584,21.912000000000006,55.776,8.16,9.455999999999998,8.16,38.328,39.12,40.967999999999996,39.672000000000004,40.967999999999996,40.608000000000004,40.967999999999996,57.816,23.856,53.855999999999995,49.872,67.848,81.09599999999999,78.91199999999999,71.352,40.608000000000004,36.096,27.168000000000003,2.1360000000000015,21.912000000000006,64.896,20.952
37.056,29.68799999999999,24.263999999999996,91.75200000000001,0.0,91.75200000000001,56.711999999999996,7.70400000000001,55.22399999999999,74.448,45.768,74.448,64.56,21.431999999999995,81.96,21.431999999999995,0.0,49.05599999999999,45.768,57.67199999999999,95.016,100.32,70.48799999999999,98.496,73.92,30.263999999999996,65.976,47.855999999999995,32.424,38.904,21.575999999999997,64.608,51.072,58.488,41.808,62.304,81.96,36.48000000000001,32.424,36.48000000000001,73.008,58.152,0.5759999999999962,54.336,38.016,41.06400000000001,56.44799999999999,6.815999999999999,87.28800000000001,19.27200000000001,37.056,41.087999999999994,32.424,41.087999999999994,64.56,48.0,51.072,81.48,51.072,12.815999999999999,0.0,27.07200000000001,55.22399999999999,31.104,70.48799999999999,65.04,0.0,65.04,73.008,3.288000000000002,95.016,77.688,0.0,77.688,38.016,71.88000000000001,24.263999999999996,24.647999999999996,24.263999999999996,50.44799999999999,55.22399999999999,57.072,41.808,57.072,56.711999999999996,57.072,73.92,37.992,32.424,65.976,51.072,59.664,95.016,87.45599999999999,56.711999999999996,52.19999999999999,21.575999999999997,23.567999999999994,38.016,81.0,37.056
12.192000000000004,19.368000000000006,24.791999999999998,42.696,49.05599999999999,42.696,7.655999999999999,52.967999999999996,8.472000000000003,28.08,34.391999999999996,28.08,45.455999999999996,32.952,32.903999999999996,32.952,49.05599999999999,0.0,34.391999999999996,16.776000000000003,45.96,51.263999999999996,21.432,49.44,24.863999999999997,18.791999999999998,16.92,4.944000000000005,41.01599999999999,47.495999999999995,27.48,22.032,55.007999999999996,50.75999999999999,26.831999999999994,28.176000000000002,32.903999999999996,45.072,41.01599999999999,45.072,36.28799999999999,30.359999999999996,49.104,9.600000000000001,25.872,49.656,37.728,53.135999999999996,38.232,36.071999999999996,12.192000000000004,7.968,41.01599999999999,7.968,45.455999999999996,32.495999999999995,55.007999999999996,32.424,55.007999999999996,42.912000000000006,49.05599999999999,35.664,8.472000000000003,24.52799999999999,21.432,15.984000000000002,49.05599999999999,15.984000000000002,36.28799999999999,52.344,45.96,28.823999999999995,49.05599999999999,28.823999999999995,25.872,22.824,24.791999999999998,24.407999999999998,24.791999999999998,25.487999999999996,8.472000000000003,13.152000000000003,26.831999999999994,13.152000000000003,7.655999999999999,13.152000000000003,24.863999999999997,11.063999999999998,41.01599999999999,16.919999999999998,55.007999999999996,68.25599999999999,45.96,38.4,7.655999999999999,31.848000000000006,27.48,31.679999999999996,25.872,31.944,12.192000000000004
22.199999999999996,46.65599999999999,28.223999999999993,45.98399999999999,45.768,45.98399999999999,38.495999999999995,50.688,25.919999999999995,62.471999999999994,0.0,62.471999999999994,79.84799999999998,29.664,36.19199999999999,29.664,45.768,34.391999999999996,0.0,17.615999999999996,54.76799999999999,54.55199999999999,42.72,52.727999999999994,47.784,17.519999999999992,46.07999999999999,29.447999999999993,75.40799999999999,81.88799999999999,48.72,18.84,89.39999999999999,85.152,61.22399999999999,16.535999999999998,36.19199999999999,79.464,75.40799999999999,79.464,70.67999999999999,64.752,45.815999999999995,24.791999999999998,8.52,84.04799999999999,10.679999999999994,49.848,59.616,62.256,22.199999999999996,30.599999999999994,75.40799999999999,30.599999999999994,79.84799999999998,66.88799999999999,89.39999999999999,63.35999999999999,89.39999999999999,39.624,45.768,70.056,25.919999999999995,58.91999999999999,42.72,23.639999999999997,45.768,23.639999999999997,70.67999999999999,49.056,54.76799999999999,63.215999999999994,45.768,63.215999999999994,8.52,56.39999999999999,28.223999999999993,31.007999999999996,28.223999999999993,59.879999999999995,25.919999999999995,21.24,61.22399999999999,21.24,38.495999999999995,21.24,47.784,45.408,75.40799999999999,29.759999999999994,89.39999999999999,102.64799999999998,54.76799999999999,41.688,38.495999999999995,6.431999999999993,48.72,28.392,8.52,48.047999999999995,22.199999999999996
20.616,29.04,33.408,34.08,57.67199999999999,34.08,20.880000000000003,61.58399999999999,8.304000000000002,44.855999999999995,17.615999999999996,44.855999999999995,62.232,41.568,24.287999999999997,41.568,57.67199999999999,16.776000000000003,17.615999999999996,0.0,37.344,42.647999999999996,25.104,40.82399999999999,30.168000000000003,27.407999999999998,28.464,11.831999999999999,57.791999999999994,64.272,36.096000000000004,6.9360000000000035,71.78399999999999,67.536,43.608000000000004,11.4,24.287999999999997,61.848000000000006,57.791999999999994,61.848000000000006,53.06399999999999,47.136,57.71999999999999,7.176000000000002,19.655999999999995,66.432,20.952,61.751999999999995,42.0,44.687999999999995,20.616,16.584,57.791999999999994,16.584,62.232,49.272,71.78399999999999,45.74400000000001,71.78399999999999,51.52799999999999,57.67199999999999,52.44,8.304000000000002,41.304,25.104,7.368000000000002,57.67199999999999,7.368000000000002,53.06399999999999,60.959999999999994,37.344,45.6,57.67199999999999,45.6,19.655999999999995,38.784,33.408,33.024,33.408,42.263999999999996,8.304000000000002,3.6240000000000014,43.608000000000004,3.6240000000000014,20.880000000000003,3.6240000000000014,30.168000000000003,27.792,57.791999999999994,12.143999999999998,71.78399999999999,85.03200000000001,37.344,29.784000000000002,20.880000000000003,15.072000000000003,36.096000000000004,40.296,19.655999999999995,30.432,20.616
57.959999999999994,65.32800000000002,70.752,16.704,95.016,16.704,38.304,98.928,39.792,20.568,54.76799999999999,20.568,30.456000000000003,78.91199999999999,30.576000000000004,78.91199999999999,95.016,45.96,54.76799999999999,37.344,0.0,5.303999999999999,24.528,15.143999999999998,21.095999999999997,64.752,29.04,47.160000000000004,76.128,65.232,73.44,42.408,43.944,36.528,53.208,48.552,30.576000000000004,63.096000000000004,76.128,63.096000000000004,22.008,36.864000000000004,95.064,40.68000000000001,57.0,62.544000000000004,58.104,99.09599999999999,7.728,82.032,57.959999999999994,53.928,76.128,53.928,30.456000000000003,47.016,43.944,13.536000000000001,43.944,88.872,95.016,76.104,39.792,63.912000000000006,24.528,31.128,95.016,31.128,22.008,98.304,0.0,17.328,95.016,17.328,57.0,23.135999999999996,70.752,70.368,70.752,44.568,39.792,37.944,53.208,37.944,38.304,37.944,21.095999999999997,57.023999999999994,76.128,29.040000000000003,43.944,47.88,0.0,20.52,38.304,52.224000000000004,73.44,77.63999999999999,57.0,14.016000000000002,57.959999999999994
63.263999999999996,70.632,76.056,13.463999999999999,100.32,13.463999999999999,43.608000000000004,104.23199999999997,45.096,25.871999999999996,54.55199999999999,25.871999999999996,35.76,84.21600000000001,27.336,84.21600000000001,100.32,51.263999999999996,54.55199999999999,42.647999999999996,5.303999999999999,0.0,29.832,11.904,26.4,70.056,34.344,52.464,81.432,70.536,78.744,39.168,49.248,41.832,58.51199999999999,45.312,27.336,68.39999999999999,81.432,68.39999999999999,27.311999999999998,42.168,100.36799999999998,45.984,62.30399999999999,67.848,54.864,104.39999999999999,13.032,87.336,63.263999999999996,59.232,81.432,59.232,35.76,52.32,49.248,18.84,49.248,94.176,100.32,81.408,45.096,69.216,29.832,35.279999999999994,100.32,35.279999999999994,27.311999999999998,103.608,5.303999999999999,22.631999999999998,100.32,22.631999999999998,62.30399999999999,28.439999999999994,76.056,75.672,76.056,49.872,45.096,43.248,58.51199999999999,43.248,43.608000000000004,43.248,26.4,62.327999999999996,81.432,34.344,49.248,51.12,5.303999999999999,17.279999999999998,43.608000000000004,48.983999999999995,78.744,82.944,62.30399999999999,19.32,63.263999999999996
33.431999999999995,40.8,46.224,21.264,70.48799999999999,21.264,13.776,74.39999999999999,16.8,19.752,42.72,19.752,37.12799999999999,54.384,18.528000000000002,54.384,70.48799999999999,21.432,42.72,25.104,24.528,29.832,0.0,28.008000000000003,5.064000000000001,40.224,4.511999999999998,22.631999999999998,51.599999999999994,40.704,48.912000000000006,30.359999999999996,46.68,42.431999999999995,28.679999999999993,36.504,18.528000000000002,38.568,51.599999999999994,38.568,27.959999999999994,22.032,70.536,17.927999999999997,34.199999999999996,41.328,46.056000000000004,74.568,16.896,57.504,33.431999999999995,29.4,51.599999999999994,29.4,37.12799999999999,24.167999999999996,46.68,20.639999999999997,46.68,64.34400000000001,70.48799999999999,51.576,16.8,39.38399999999999,0.0,19.08,70.48799999999999,19.08,27.959999999999994,73.776,24.528,20.496,70.48799999999999,20.496,34.199999999999996,13.679999999999998,46.224,45.84,46.224,20.04,16.8,21.479999999999997,28.679999999999993,21.479999999999997,13.776,21.479999999999997,5.064000000000001,32.495999999999995,51.599999999999994,12.960000000000003,46.68,59.928,24.528,16.968000000000004,13.776,40.176,48.912000000000006,53.111999999999995,34.199999999999996,10.511999999999999,33.431999999999995
61.44,68.808,74.232,6.744000000000001,98.496,6.744000000000001,41.784000000000006,102.408,43.272,24.048,52.727999999999994,24.048,40.224,82.392,16.536,82.392,98.496,49.44,52.727999999999994,40.82399999999999,15.143999999999998,11.904,28.008000000000003,0.0,24.576,68.232,32.52,50.64,79.608,68.712,76.91999999999999,33.88799999999999,49.775999999999996,45.528,56.68799999999999,36.192,16.536,66.57600000000001,79.608,66.57600000000001,31.055999999999997,40.344,98.544,44.16,60.48,66.024,42.96,102.57599999999998,19.992,85.51199999999999,61.44,57.408,79.608,57.408,40.224,50.495999999999995,49.775999999999996,23.736,49.775999999999996,92.352,98.496,79.58399999999999,43.272,67.392,28.008000000000003,33.456,98.496,33.456,31.055999999999997,101.78399999999999,15.143999999999998,23.592,98.496,23.592,60.48,26.616,74.232,73.848,74.232,48.047999999999995,43.272,41.424,56.68799999999999,41.424,41.784000000000006,41.424,24.576,60.504,79.608,32.52,49.775999999999996,63.024,15.143999999999998,11.04,41.784000000000006,46.296,76.91999999999999,81.11999999999999,60.48,17.496000000000002,61.44
36.864000000000004,44.232000000000006,49.656,17.831999999999997,73.92,17.831999999999997,17.208000000000002,77.832,21.863999999999997,14.687999999999997,47.784,14.687999999999997,32.064,57.816,23.592000000000002,57.816,73.92,24.863999999999997,47.784,30.168000000000003,21.095999999999997,26.4,5.064000000000001,24.576,0.0,43.656,7.943999999999999,26.063999999999997,55.032,44.136,52.344,35.424,41.616,37.368,32.111999999999995,41.568,23.592000000000002,42.0,55.032,42.0,22.895999999999997,16.968,73.968,22.992000000000004,39.263999999999996,41.44800000000001,51.120000000000005,78.0,13.368,60.936,36.864000000000004,32.832,55.032,32.832,32.064,25.92,41.616,15.576,41.616,67.776,73.92,55.008,21.863999999999997,42.815999999999995,5.064000000000001,24.144,73.92,24.144,22.895999999999997,77.208,21.095999999999997,15.431999999999999,73.92,15.431999999999999,39.263999999999996,8.615999999999998,49.656,49.272,49.656,23.472,21.863999999999997,26.543999999999997,32.111999999999995,26.543999999999997,17.208000000000002,26.543999999999997,0.0,35.928,55.032,18.024000000000004,41.616,54.864,21.095999999999997,13.536000000000001,17.208000000000002,45.24,52.344,56.544000000000004,39.263999999999996,7.079999999999998,36.864000000000004
6.792,29.136,10.704000000000002,61.48799999999999,30.263999999999996,61.48799999999999,26.447999999999997,34.175999999999995,24.96,44.952,17.519999999999992,44.952,62.328,14.16,51.696,14.16,30.263999999999996,18.791999999999998,17.519999999999992,27.407999999999998,64.752,70.056,40.224,68.232,43.656,0.0,35.712,17.592,57.888,64.368,31.200000000000006,34.344,71.88000000000001,67.632,43.704,32.04,51.696,61.944,57.888,61.944,53.16,47.232000000000006,30.311999999999998,24.072000000000003,8.999999999999993,66.528,26.183999999999994,34.343999999999994,57.024,44.73600000000001,6.792,13.080000000000002,57.888,13.080000000000002,62.328,49.367999999999995,71.88000000000001,51.21600000000001,71.88000000000001,24.12,30.263999999999996,52.53600000000001,24.96,41.4,40.224,34.776,30.263999999999996,34.776,53.16,33.552,64.752,47.424,30.263999999999996,47.424,8.999999999999993,41.61600000000001,10.704000000000002,13.488000000000001,10.704000000000002,42.36000000000001,24.96,26.808000000000003,43.704,26.808000000000003,26.447999999999997,26.808000000000003,43.656,27.888000000000005,57.888,35.711999999999996,71.88000000000001,85.128,64.752,57.192,26.447999999999997,21.935999999999996,31.200000000000006,12.887999999999998,8.999999999999993,50.736,6.792
28.92,36.288000000000004,41.712,25.775999999999996,65.976,25.775999999999996,9.264000000000003,69.88799999999999,20.159999999999997,16.392000000000003,46.07999999999999,16.392000000000003,33.768,49.872,21.887999999999998,49.872,65.976,16.92,46.07999999999999,28.464,29.04,34.344,4.511999999999998,32.52,7.943999999999999,35.712,0.0,18.12,47.087999999999994,36.192,44.4,33.71999999999999,43.32,39.072,24.167999999999996,39.864,21.887999999999998,34.056000000000004,47.087999999999994,34.056000000000004,24.599999999999998,18.672000000000004,66.02399999999999,21.287999999999993,37.559999999999995,37.96800000000001,49.416,70.056,21.311999999999998,52.99199999999999,28.92,24.888,47.087999999999994,24.888,33.768,20.808,43.32,17.28,43.32,59.831999999999994,65.976,47.064,20.159999999999997,34.872,4.511999999999998,22.439999999999994,65.976,22.439999999999994,24.599999999999998,69.264,29.04,17.136,65.976,17.136,37.559999999999995,10.320000000000002,41.712,41.327999999999996,41.712,15.528,20.159999999999997,24.839999999999993,24.167999999999996,24.839999999999993,9.264000000000003,24.839999999999993,7.943999999999999,27.983999999999998,47.087999999999994,16.32,43.32,56.568,29.04,21.479999999999997,9.264000000000003,43.536,44.4,48.599999999999994,37.559999999999995,15.023999999999997,28.92
10.799999999999999,18.168000000000003,23.592,43.895999999999994,47.855999999999995,43.895999999999994,9.048000000000004,51.768,7.368,33.024,29.447999999999993,33.024,50.4,31.752,34.104,31.752,47.855999999999995,4.944000000000005,29.447999999999993,11.831999999999999,47.160000000000004,52.464,22.631999999999998,50.64,26.063999999999997,17.592,18.12,0.0,45.959999999999994,52.44,26.28,17.087999999999994,59.952,55.704,31.776,23.232,34.104,50.016000000000005,45.959999999999994,50.016000000000005,41.232,35.304,47.904,6.48,20.927999999999997,54.60000000000001,32.784,51.936,39.431999999999995,34.872,10.799999999999999,6.768000000000001,45.959999999999994,6.768000000000001,50.4,37.44,59.952,33.912,59.952,41.712,47.855999999999995,40.608000000000004,7.368,29.471999999999998,22.631999999999998,17.184,47.855999999999995,17.184,41.232,51.144000000000005,47.160000000000004,33.768,47.855999999999995,33.768,20.927999999999997,26.951999999999998,23.592,23.208,23.592,30.432000000000002,7.368,9.216000000000001,31.776,9.216000000000001,9.048000000000004,9.216000000000001,26.063999999999997,15.960000000000004,45.959999999999994,18.119999999999997,59.952,73.2,47.160000000000004,39.6,9.048000000000004,26.904,26.28,30.479999999999997,20.927999999999997,33.144,10.799999999999999
53.208,28.752,47.184,72.86399999999999,32.424,72.86399999999999,37.82399999999999,24.71999999999999,49.48799999999999,55.559999999999995,75.40799999999999,55.559999999999995,45.672000000000004,53.855999999999995,63.07199999999999,53.855999999999995,32.424,41.01599999999999,75.40799999999999,57.791999999999994,76.128,81.432,51.599999999999994,79.608,55.032,57.888,47.087999999999994,45.959999999999994,0.0,10.895999999999994,26.68799999999999,63.047999999999995,32.184,39.6,22.92,69.19200000000001,63.07199999999999,13.031999999999995,0.0,13.031999999999995,54.11999999999999,39.263999999999996,33.0,50.616,66.88799999999999,13.583999999999993,78.744,25.608000000000004,68.39999999999999,13.151999999999992,53.208,44.808,0.0,44.808,45.672000000000004,29.111999999999995,32.184,62.59199999999999,32.184,45.24,32.424,5.351999999999992,49.48799999999999,16.488000000000003,51.599999999999994,51.768,32.424,51.768,54.11999999999999,29.232,76.128,58.8,32.424,58.8,66.88799999999999,52.99199999999999,47.184,44.4,47.184,31.559999999999995,49.48799999999999,54.168,22.92,54.168,37.82399999999999,54.168,55.032,29.999999999999993,0.0,47.087999999999994,32.184,32.18399999999999,76.128,68.568,37.82399999999999,72.86399999999999,26.68799999999999,55.99199999999999,66.88799999999999,62.111999999999995,53.208
59.688,35.232,53.663999999999994,61.967999999999996,38.904,61.967999999999996,43.391999999999996,33.69599999999999,55.967999999999996,44.66400000000001,81.88799999999999,44.66400000000001,34.776,60.336,57.696,60.336,38.904,47.495999999999995,81.88799999999999,64.272,65.232,70.536,40.704,68.712,44.136,64.368,36.192,52.44,10.895999999999994,0.0,33.16799999999999,69.52799999999999,21.288,28.704,20.664,75.672,57.696,2.423999999999995,10.895999999999994,2.423999999999995,43.224000000000004,28.368,39.480000000000004,57.096,73.368,2.688,85.224,33.86399999999999,57.504,19.631999999999994,59.688,51.288,10.895999999999994,51.288,34.776,18.216000000000005,21.288,51.696,21.288,51.720000000000006,38.904,11.831999999999995,55.967999999999996,22.968000000000004,40.704,58.248,38.904,58.248,43.224000000000004,35.712,65.232,47.904,38.904,47.904,73.368,42.096000000000004,53.663999999999994,50.88,53.663999999999994,22.008,55.967999999999996,60.647999999999996,20.664,60.647999999999996,43.391999999999996,60.647999999999996,44.136,36.48,10.895999999999994,52.128,21.288,21.287999999999997,65.232,57.672,43.391999999999996,79.34400000000001,33.16799999999999,62.472,73.368,51.215999999999994,59.688
26.520000000000003,8.111999999999997,20.496000000000006,70.176,21.575999999999997,70.176,35.136,25.487999999999992,33.648,52.872,48.72,52.872,42.98400000000001,27.168000000000003,60.384,27.168000000000003,21.575999999999997,27.48,48.72,36.096000000000004,73.44,78.744,48.912000000000006,76.91999999999999,52.344,31.200000000000006,44.4,26.28,26.68799999999999,33.16799999999999,0.0,43.032000000000004,40.679999999999986,36.912,20.232000000000006,42.50400000000001,60.384,30.744,26.68799999999999,30.744,51.431999999999995,36.576,21.623999999999995,32.760000000000005,40.199999999999996,35.327999999999996,52.05600000000001,25.65599999999999,65.712,13.536000000000001,26.520000000000003,19.512,26.68799999999999,19.512,42.98400000000001,26.424000000000003,40.679999999999986,59.903999999999996,40.679999999999986,18.55200000000001,21.575999999999997,21.336000000000002,33.648,10.19999999999999,48.912000000000006,43.464,21.575999999999997,43.464,51.431999999999995,24.863999999999997,73.44,56.112,21.575999999999997,56.112,40.199999999999996,50.304,20.496000000000006,17.712000000000007,20.496000000000006,28.872,33.648,35.496,20.232000000000006,35.496,35.136,35.496,52.344,16.416000000000004,26.68799999999999,44.4,40.679999999999986,53.928,73.44,65.88000000000001,35.136,46.176,0.0,29.304000000000006,40.199999999999996,59.42399999999999,26.520000000000003
