0.0,75.048,11.976,17.68799999999999,40.464,13.943999999999996,49.31999999999999,69.312,20.207999999999995,25.608000000000004,40.464,25.608000000000004,23.207999999999995,43.007999999999996,40.464,43.007999999999996,9.455999999999994,79.96799999999998,7.175999999999996,79.96799999999998,49.08,18.672,20.207999999999995,18.672,55.559999999999995,28.967999999999996,43.272,51.743999999999986,34.943999999999996,23.351999999999997,74.25599999999999,37.919999999999995,36.696,37.919999999999995,20.616,8.280000000000006,43.272,8.280000000000006,44.52,8.280000000000006,44.52,8.280000000000006,35.13599999999999,55.632,29.807999999999993,26.183999999999994,38.35199999999999,58.29599999999999,57.552,57.45599999999999,49.31999999999999,57.45599999999999,7.175999999999996,57.45599999999999,34.943999999999996,57.45599999999999,36.696,23.712000000000007,57.552,23.712000000000007,44.52,39.88799999999999,7.175999999999996,54.55199999999999,49.31999999999999,54.55199999999999,29.30399999999999,33.12,0.0,33.12,29.807999999999993,33.12,0.0,20.543999999999997,0.0,67.104,43.272,19.32,9.455999999999994,19.32,35.13599999999999,74.688,57.552,74.688,11.976,50.37599999999998,49.31999999999999,61.343999999999994,7.175999999999996,8.208000000000007,34.943999999999996,8.208000000000007,40.464,74.01599999999999,38.35199999999999,50.087999999999994,74.25599999999999,31.727999999999994,40.464,30.791999999999994,0.0
75.048,0.0,78.672,70.224,38.13599999999999,61.104,25.728000000000005,32.85600000000001,66.024,54.384,38.13599999999999,54.384,54.624,32.04,38.13599999999999,32.04,83.352,19.608000000000004,67.872,19.608000000000004,38.88,93.71999999999998,66.024,93.71999999999998,57.696,46.080000000000005,31.776000000000003,53.879999999999995,40.104,82.704,3.960000000000005,37.992,44.256,37.992,95.664,69.55199999999999,31.776000000000003,69.55199999999999,45.504,69.55199999999999,45.504,69.55199999999999,73.08,19.511999999999997,79.944,48.864,40.488,42.768,59.688,59.592,25.728000000000005,59.592,67.872,59.592,40.104,59.592,44.256,56.279999999999994,59.688,56.279999999999994,45.504,35.160000000000004,67.872,20.496000000000006,25.728000000000005,20.496000000000006,83.28,41.928,75.048,41.928,79.944,41.928,75.048,89.208,75.048,9.863999999999995,31.776000000000003,55.727999999999994,83.352,55.727999999999994,73.08,3.960000000000001,59.688,3.960000000000001,78.672,52.51199999999999,25.728000000000005,20.952000000000005,67.872,79.464,40.104,79.464,38.13599999999999,15.576,40.488,24.960000000000004,3.960000000000005,77.016,38.13599999999999,44.256,75.048
11.976,78.672,0.0,29.663999999999994,44.087999999999994,19.43999999999999,52.943999999999996,72.93599999999999,32.18399999999999,24.287999999999997,44.087999999999994,24.287999999999997,35.18399999999999,46.632,44.087999999999994,46.632,21.431999999999995,83.592,16.319999999999997,83.592,52.704,24.071999999999992,32.18399999999999,24.071999999999992,67.53599999999999,40.27199999999999,46.895999999999994,63.71999999999999,38.568,35.327999999999996,77.87999999999998,47.83199999999999,48.67199999999999,47.83199999999999,27.551999999999996,9.119999999999997,46.895999999999994,9.119999999999997,33.16799999999999,9.119999999999997,33.16799999999999,9.119999999999997,47.11199999999999,59.25599999999999,41.78399999999999,29.807999999999993,50.327999999999996,61.92,69.52799999999999,69.43199999999999,52.943999999999996,69.43199999999999,16.319999999999997,69.43199999999999,38.568,69.43199999999999,48.67199999999999,22.392,69.52799999999999,22.392,33.16799999999999,43.51199999999999,16.319999999999997,58.17599999999999,52.943999999999996,58.17599999999999,41.27999999999999,36.744,11.976,36.744,41.78399999999999,36.744,11.976,32.51999999999999,11.976,70.728,46.895999999999994,22.944,21.431999999999995,22.944,47.11199999999999,78.312,69.52799999999999,78.312,0.0,62.35199999999999,52.943999999999996,64.968,16.319999999999997,3.767999999999992,38.568,3.767999999999992,44.087999999999994,77.64,50.327999999999996,53.71199999999999,77.87999999999998,43.704,44.087999999999994,34.416,11.976
17.68799999999999,70.224,29.663999999999994,0.0,57.959999999999994,10.224000000000004,44.495999999999995,64.488,4.200000000000002,43.296,57.959999999999994,43.296,15.600000000000001,38.184,57.959999999999994,38.184,13.127999999999997,75.144,13.343999999999996,75.144,44.256,23.496,4.200000000000002,23.496,37.872,24.144,38.44800000000001,34.056000000000004,30.12,12.479999999999993,69.432,33.096000000000004,25.968,33.096000000000004,25.439999999999994,25.968,38.44800000000001,25.968,62.20799999999999,25.968,62.20799999999999,25.968,17.448,50.808,12.12,21.36,30.599999999999998,53.472,39.864,39.768,44.495999999999995,39.768,13.343999999999996,39.768,30.12,39.768,25.968,41.4,39.864,41.4,62.20799999999999,35.064,13.343999999999996,49.727999999999994,44.495999999999995,49.727999999999994,13.056000000000001,35.256,17.68799999999999,35.256,12.12,35.256,17.68799999999999,18.983999999999998,17.68799999999999,62.28,38.44800000000001,23.616,13.127999999999997,23.616,17.448,69.864,39.864,69.864,29.663999999999994,32.688,44.495999999999995,56.519999999999996,13.343999999999996,25.896,30.12,25.896,57.959999999999994,69.19200000000001,30.599999999999998,45.263999999999996,69.432,14.040000000000003,57.959999999999994,25.968,17.68799999999999
40.464,38.13599999999999,44.087999999999994,57.959999999999994,0.0,47.73599999999999,61.272,70.992,60.47999999999999,19.8,0.0,19.8,63.47999999999999,37.68,0.0,37.68,49.727999999999994,57.74399999999999,44.616,57.74399999999999,77.016,59.135999999999996,60.47999999999999,59.135999999999996,95.832,68.568,68.904,92.01599999999999,41.03999999999999,63.624,42.096,76.128,76.968,76.128,61.08,34.967999999999996,68.904,34.967999999999996,10.920000000000002,34.967999999999996,10.920000000000002,34.967999999999996,75.408,57.64799999999999,70.08,38.32799999999999,78.624,80.904,97.82400000000001,97.728,61.272,97.728,44.616,97.728,41.03999999999999,97.728,76.968,21.695999999999998,97.82400000000001,21.695999999999998,10.920000000000002,56.544000000000004,44.616,42.6,61.272,42.6,69.576,22.703999999999994,40.464,22.703999999999994,70.08,22.703999999999994,40.464,60.815999999999995,40.464,28.272,68.904,34.343999999999994,49.727999999999994,34.343999999999994,75.408,34.224000000000004,97.82400000000001,34.224000000000004,44.087999999999994,90.64799999999998,61.272,59.088,44.616,44.88,41.03999999999999,44.88,0.0,53.711999999999996,78.624,15.0,42.096,72.0,0.0,52.632,40.464
13.943999999999996,61.104,19.43999999999999,10.224000000000004,47.73599999999999,0.0,35.376,55.367999999999995,12.744000000000003,33.071999999999996,47.73599999999999,33.071999999999996,15.744000000000003,29.063999999999997,47.73599999999999,29.063999999999997,22.247999999999998,66.02399999999999,6.768000000000001,66.02399999999999,35.136,32.616,12.744000000000003,32.616,48.096000000000004,20.832000000000004,29.328,44.28000000000001,21.0,21.599999999999994,60.312,28.392,29.232000000000006,28.392,34.559999999999995,15.743999999999996,29.328,15.743999999999996,51.98399999999999,15.743999999999996,51.98399999999999,15.743999999999996,27.672000000000004,41.688,22.344,12.239999999999998,30.888,44.35200000000001,50.088,49.992000000000004,35.376,49.992000000000004,6.768000000000001,49.992000000000004,21.0,49.992000000000004,29.232000000000006,31.175999999999995,50.088,31.175999999999995,51.98399999999999,25.944,6.768000000000001,40.608,35.376,40.608,22.176,25.031999999999996,13.943999999999996,25.031999999999996,22.344,25.031999999999996,13.943999999999996,28.103999999999996,13.943999999999996,53.16,29.328,13.391999999999996,22.247999999999998,13.391999999999996,27.672000000000004,60.744,50.088,60.744,19.43999999999999,42.912000000000006,35.376,47.4,6.768000000000001,18.36,21.0,18.36,47.73599999999999,60.072,30.888,36.144,60.312,24.264000000000006,47.73599999999999,16.848,13.943999999999996
49.31999999999999,25.728000000000005,52.943999999999996,44.495999999999995,61.272,35.376,0.0,19.991999999999994,40.296,46.608000000000004,61.272,46.608000000000004,28.895999999999997,23.592,61.272,23.592,57.623999999999995,30.647999999999996,42.144000000000005,30.647999999999996,15.744,67.99199999999999,40.296,67.99199999999999,34.56,20.352,7.631999999999999,30.744,20.232000000000003,56.97599999999999,24.936,14.855999999999996,18.528,14.855999999999996,69.93599999999999,43.82399999999999,7.631999999999999,43.82399999999999,65.52,43.82399999999999,65.52,43.82399999999999,47.35199999999999,6.312000000000004,54.215999999999994,23.136,17.351999999999997,19.631999999999998,36.55199999999999,36.455999999999996,0.0,36.455999999999996,42.144000000000005,36.455999999999996,20.232000000000003,36.455999999999996,18.528,44.712,36.55199999999999,44.712,65.52,9.431999999999999,42.144000000000005,18.671999999999997,0.0,18.671999999999997,57.552,38.568,49.31999999999999,38.568,54.215999999999994,38.568,49.31999999999999,63.48,49.31999999999999,33.0,7.631999999999999,29.999999999999993,57.623999999999995,29.999999999999993,47.35199999999999,27.096000000000004,36.55199999999999,27.096000000000004,52.943999999999996,29.375999999999998,0.0,12.023999999999997,42.144000000000005,53.736,20.232000000000003,53.736,61.272,24.696,17.351999999999997,46.272,24.936,51.28799999999999,61.272,18.528000000000002,49.31999999999999
69.312,32.85600000000001,72.93599999999999,64.488,70.992,55.367999999999995,19.991999999999994,0.0,60.28799999999999,56.328,70.992,56.328,48.88799999999999,33.312,70.992,33.312,77.616,13.248000000000001,62.135999999999996,13.248000000000001,20.232,87.984,60.28799999999999,87.984,27.432,40.343999999999994,26.039999999999992,34.75199999999999,34.367999999999995,76.968,28.896,31.391999999999996,38.51999999999999,31.391999999999996,89.928,63.815999999999995,26.039999999999992,63.815999999999995,75.24,63.815999999999995,75.24,63.815999999999995,67.344,13.679999999999993,74.208,43.12799999999999,33.888,11.015999999999995,45.263999999999996,28.991999999999997,19.991999999999994,28.991999999999997,62.135999999999996,28.991999999999997,34.367999999999995,28.991999999999997,38.51999999999999,54.432,45.263999999999996,54.432,75.24,29.423999999999992,62.135999999999996,28.392,19.991999999999994,28.392,77.544,48.28800000000001,69.312,48.28800000000001,74.208,48.28800000000001,69.312,83.472,69.312,42.72,26.039999999999992,49.99199999999999,77.616,49.99199999999999,67.344,36.81600000000001,45.263999999999996,36.81600000000001,72.93599999999999,32.279999999999994,19.991999999999994,11.904000000000002,62.135999999999996,73.728,34.367999999999995,73.728,70.992,17.280000000000005,33.888,55.99199999999999,28.896,71.27999999999999,70.992,38.51999999999999,69.312
20.207999999999995,66.024,32.18399999999999,4.200000000000002,60.47999999999999,12.744000000000003,40.296,60.28799999999999,0.0,45.81599999999999,60.47999999999999,45.81599999999999,11.4,33.983999999999995,60.47999999999999,33.983999999999995,17.328,70.94399999999999,15.863999999999995,70.94399999999999,40.056000000000004,27.695999999999998,0.0,27.695999999999998,35.352,19.943999999999996,34.248,31.536,25.919999999999995,16.679999999999996,65.232,28.896000000000004,21.768,28.896000000000004,29.639999999999993,28.488,34.248,28.488,64.728,28.488,64.728,28.488,14.928,46.608000000000004,13.920000000000002,22.152000000000005,26.4,49.272,37.344,37.248000000000005,40.296,37.248000000000005,15.863999999999995,37.248000000000005,25.919999999999995,37.248000000000005,21.768,43.919999999999995,37.344,43.919999999999995,64.728,30.863999999999997,15.863999999999995,45.528,40.296,45.528,17.256000000000004,37.775999999999996,20.207999999999995,37.775999999999996,13.920000000000002,37.775999999999996,20.207999999999995,23.184,20.207999999999995,58.08,34.248,26.136,17.328,26.136,14.928,65.664,37.344,65.664,32.18399999999999,30.168,40.296,52.31999999999999,15.863999999999995,28.415999999999997,25.919999999999995,28.415999999999997,60.47999999999999,64.99199999999999,26.4,45.47999999999999,65.232,11.520000000000003,60.47999999999999,21.768,20.207999999999995
25.608000000000004,54.384,24.287999999999997,43.296,19.8,33.071999999999996,46.608000000000004,56.328,45.81599999999999,0.0,19.8,0.0,48.81599999999999,23.016,19.8,23.016,35.064,59.30399999999999,29.951999999999998,59.30399999999999,62.352,39.336,45.81599999999999,39.336,81.16799999999999,53.903999999999996,54.239999999999995,77.35199999999999,26.375999999999994,48.96,53.59199999999999,61.464,62.304,61.464,41.279999999999994,17.327999999999996,54.239999999999995,17.327999999999996,18.911999999999995,17.327999999999996,18.911999999999995,17.327999999999996,60.744,42.98399999999999,55.416,23.663999999999994,63.959999999999994,66.24,83.16000000000001,83.064,46.608000000000004,83.064,29.951999999999998,83.064,26.375999999999994,83.064,62.304,1.895999999999998,83.16000000000001,1.895999999999998,18.911999999999995,41.88,29.951999999999998,33.88799999999999,46.608000000000004,33.88799999999999,54.91199999999999,12.456000000000003,25.608000000000004,12.456000000000003,55.416,12.456000000000003,25.608000000000004,46.152,25.608000000000004,46.440000000000005,54.239999999999995,19.679999999999996,35.064,19.679999999999996,60.744,54.024,83.16000000000001,54.024,24.287999999999997,75.984,46.608000000000004,44.424,29.951999999999998,25.080000000000002,26.375999999999994,25.080000000000002,19.8,53.352,63.959999999999994,29.423999999999992,53.59199999999999,57.336,19.8,37.967999999999996,25.608000000000004
40.464,38.13599999999999,44.087999999999994,57.959999999999994,0.0,47.73599999999999,61.272,70.992,60.47999999999999,19.8,0.0,19.8,63.47999999999999,37.68,0.0,37.68,49.727999999999994,57.74399999999999,44.616,57.74399999999999,77.016,59.135999999999996,60.47999999999999,59.135999999999996,95.832,68.568,68.904,92.01599999999999,41.03999999999999,63.624,42.096,76.128,76.968,76.128,61.08,34.967999999999996,68.904,34.967999999999996,10.920000000000002,34.967999999999996,10.920000000000002,34.967999999999996,75.408,57.64799999999999,70.08,38.32799999999999,78.624,80.904,97.82400000000001,97.728,61.272,97.728,44.616,97.728,41.03999999999999,97.728,76.968,21.695999999999998,97.82400000000001,21.695999999999998,10.920000000000002,56.544000000000004,44.616,42.6,61.272,42.6,69.576,22.703999999999994,40.464,22.703999999999994,70.08,22.703999999999994,40.464,60.815999999999995,40.464,28.272,68.904,34.343999999999994,49.727999999999994,34.343999999999994,75.408,34.224000000000004,97.82400000000001,34.224000000000004,44.087999999999994,90.64799999999998,61.272,59.088,44.616,44.88,41.03999999999999,44.88,0.0,53.711999999999996,78.624,15.0,42.096,72.0,0.0,52.632,40.464
25.608000000000004,54.384,24.287999999999997,43.296,19.8,33.071999999999996,46.608000000000004,56.328,45.81599999999999,0.0,19.8,0.0,48.81599999999999,23.016,19.8,23.016,35.064,59.30399999999999,29.951999999999998,59.30399999999999,62.352,39.336,45.81599999999999,39.336,81.16799999999999,53.903999999999996,54.239999999999995,77.35199999999999,26.375999999999994,48.96,53.59199999999999,61.464,62.304,61.464,41.279999999999994,17.327999999999996,54.239999999999995,17.327999999999996,18.911999999999995,17.327999999999996,18.911999999999995,17.327999999999996,60.744,42.98399999999999,55.416,23.663999999999994,63.959999999999994,66.24,83.16000000000001,83.064,46.608000000000004,83.064,29.951999999999998,83.064,26.375999999999994,83.064,62.304,1.895999999999998,83.16000000000001,1.895999999999998,18.911999999999995,41.88,29.951999999999998,33.88799999999999,46.608000000000004,33.88799999999999,54.91199999999999,12.456000000000003,25.608000000000004,12.456000000000003,55.416,12.456000000000003,25.608000000000004,46.152,25.608000000000004,46.440000000000005,54.239999999999995,19.679999999999996,35.064,19.679999999999996,60.744,54.024,83.16000000000001,54.024,24.287999999999997,75.984,46.608000000000004,44.424,29.951999999999998,25.080000000000002,26.375999999999994,25.080000000000002,19.8,53.352,63.959999999999994,29.423999999999992,53.59199999999999,57.336,19.8,37.967999999999996,25.608000000000004
23.207999999999995,54.624,35.18399999999999,15.600000000000001,63.47999999999999,15.744000000000003,28.895999999999997,48.88799999999999,11.4,48.81599999999999,63.47999999999999,48.81599999999999,0.0,25.799999999999994,63.47999999999999,25.799999999999994,28.727999999999994,59.544,18.863999999999997,59.544,28.656000000000002,39.096,11.4,39.096,32.352,8.543999999999999,22.848,28.536,22.44,28.08,53.831999999999994,17.496000000000002,13.488000000000001,17.496000000000002,41.03999999999999,31.488,22.848,31.488,67.728,31.488,67.728,31.488,18.456,35.208000000000006,25.32,25.152,15.144,37.872,34.344,34.248000000000005,28.895999999999997,34.248000000000005,18.863999999999997,34.248000000000005,22.44,34.248000000000005,13.488000000000001,46.919999999999995,34.344,46.919999999999995,67.728,19.464,18.863999999999997,34.12799999999999,28.895999999999997,34.12799999999999,28.656000000000002,40.776,23.207999999999995,40.776,25.32,40.776,23.207999999999995,34.583999999999996,23.207999999999995,46.68,22.848,29.136,28.727999999999994,29.136,18.456,54.263999999999996,34.344,54.263999999999996,35.18399999999999,27.168,28.895999999999997,40.919999999999995,18.863999999999997,31.415999999999997,22.44,31.415999999999997,63.47999999999999,53.59199999999999,15.144,48.47999999999999,53.831999999999994,22.391999999999996,63.47999999999999,10.847999999999997,23.207999999999995
43.007999999999996,32.04,46.632,38.184,37.68,29.063999999999997,23.592,33.312,33.983999999999995,23.016,37.68,23.016,25.799999999999994,0.0,37.68,0.0,51.312,36.96,35.832,36.96,39.336,61.67999999999999,33.983999999999995,61.67999999999999,58.152,30.887999999999998,31.223999999999997,54.336,8.063999999999998,50.663999999999994,31.247999999999998,38.448,39.288000000000004,38.448,63.623999999999995,37.51199999999999,31.223999999999997,37.51199999999999,41.928,37.51199999999999,41.928,37.51199999999999,41.04,19.967999999999993,47.904,16.823999999999998,40.943999999999996,43.224,60.144000000000005,60.048,23.592,60.048,35.832,60.048,8.063999999999998,60.048,39.288000000000004,24.239999999999995,60.144000000000005,24.239999999999995,41.928,18.864,35.832,11.543999999999997,23.592,11.543999999999997,51.24,14.976000000000004,43.007999999999996,14.976000000000004,47.904,14.976000000000004,43.007999999999996,57.168,43.007999999999996,24.096,31.223999999999997,23.68799999999999,51.312,23.68799999999999,41.04,31.680000000000007,60.144000000000005,31.680000000000007,46.632,52.967999999999996,23.592,21.408000000000005,35.832,47.42399999999999,8.063999999999998,47.42399999999999,37.68,31.008000000000003,40.943999999999996,22.679999999999996,31.247999999999998,44.97599999999999,37.68,14.952,43.007999999999996
40.464,38.13599999999999,44.087999999999994,57.959999999999994,0.0,47.73599999999999,61.272,70.992,60.47999999999999,19.8,0.0,19.8,63.47999999999999,37.68,0.0,37.68,49.727999999999994,57.74399999999999,44.616,57.74399999999999,77.016,59.135999999999996,60.47999999999999,59.135999999999996,95.832,68.568,68.904,92.01599999999999,41.03999999999999,63.624,42.096,76.128,76.968,76.128,61.08,34.967999999999996,68.904,34.967999999999996,10.920000000000002,34.967999999999996,10.920000000000002,34.967999999999996,75.408,57.64799999999999,70.08,38.32799999999999,78.624,80.904,97.82400000000001,97.728,61.272,97.728,44.616,97.728,41.03999999999999,97.728,76.968,21.695999999999998,97.82400000000001,21.695999999999998,10.920000000000002,56.544000000000004,44.616,42.6,61.272,42.6,69.576,22.703999999999994,40.464,22.703999999999994,70.08,22.703999999999994,40.464,60.815999999999995,40.464,28.272,68.904,34.343999999999994,49.727999999999994,34.343999999999994,75.408,34.224000000000004,97.82400000000001,34.224000000000004,44.087999999999994,90.64799999999998,61.272,59.088,44.616,44.88,41.03999999999999,44.88,0.0,53.711999999999996,78.624,15.0,42.096,72.0,0.0,52.632,40.464
43.007999999999996,32.04,46.632,38.184,37.68,29.063999999999997,23.592,33.312,33.983999999999995,23.016,37.68,23.016,25.799999999999994,0.0,37.68,0.0,51.312,36.96,35.832,36.96,39.336,61.67999999999999,33.983999999999995,61.67999999999999,58.152,30.887999999999998,31.223999999999997,54.336,8.063999999999998,50.663999999999994,31.247999999999998,38.448,39.288000000000004,38.448,63.623999999999995,37.51199999999999,31.223999999999997,37.51199999999999,41.928,37.51199999999999,41.928,37.51199999999999,41.04,19.967999999999993,47.904,16.823999999999998,40.943999999999996,43.224,60.144000000000005,60.048,23.592,60.048,35.832,60.048,8.063999999999998,60.048,39.288000000000004,24.239999999999995,60.144000000000005,24.239999999999995,41.928,18.864,35.832,11.543999999999997,23.592,11.543999999999997,51.24,14.976000000000004,43.007999999999996,14.976000000000004,47.904,14.976000000000004,43.007999999999996,57.168,43.007999999999996,24.096,31.223999999999997,23.68799999999999,51.312,23.68799999999999,41.04,31.680000000000007,60.144000000000005,31.680000000000007,46.632,52.967999999999996,23.592,21.408000000000005,35.832,47.42399999999999,8.063999999999998,47.42399999999999,37.68,31.008000000000003,40.943999999999996,22.679999999999996,31.247999999999998,44.97599999999999,37.68,14.952,43.007999999999996
9.455999999999994,83.352,21.431999999999995,13.127999999999997,49.727999999999994,22.247999999999998,57.623999999999995,77.616,17.328,35.064,49.727999999999994,35.064,28.727999999999994,51.312,49.727999999999994,51.312,0.0,88.272,15.479999999999997,88.272,57.384,10.367999999999999,17.328,10.367999999999999,50.18399999999999,37.272,51.576,42.864000000000004,43.248,13.896,82.55999999999999,46.224,39.096,46.224,12.311999999999998,17.736,51.576,17.736,53.97599999999999,17.736,53.97599999999999,17.736,25.679999999999996,63.936,20.352,34.488,43.727999999999994,66.6,48.096,48.623999999999995,57.623999999999995,48.623999999999995,15.479999999999997,48.623999999999995,43.248,48.623999999999995,39.096,33.168,48.096,33.168,53.97599999999999,48.19199999999999,15.479999999999997,62.855999999999995,57.623999999999995,62.855999999999995,19.848,41.424,9.455999999999994,41.424,20.352,41.424,9.455999999999994,11.088,9.455999999999994,75.408,51.576,27.624000000000002,0.0,27.624000000000002,25.679999999999996,82.99199999999999,48.096,82.99199999999999,21.431999999999995,45.336,57.623999999999995,69.648,15.479999999999997,17.664,43.248,17.664,49.727999999999994,82.32,43.727999999999994,58.391999999999996,82.55999999999999,22.272000000000002,49.727999999999994,39.096,9.455999999999994
79.96799999999998,19.608000000000004,83.592,75.144,57.74399999999999,66.02399999999999,30.647999999999996,13.248000000000001,70.94399999999999,59.30399999999999,57.74399999999999,59.30399999999999,59.544,36.96,57.74399999999999,36.96,88.272,0.0,72.79199999999999,0.0,30.887999999999998,98.63999999999999,70.94399999999999,98.63999999999999,38.087999999999994,51.0,36.696,45.407999999999994,45.023999999999994,87.624,15.647999999999998,42.04799999999999,49.176,42.04799999999999,100.58399999999999,74.472,36.696,74.472,61.99199999999999,74.472,61.99199999999999,74.472,78.0,24.33599999999999,84.86399999999999,53.784,44.544,23.159999999999997,55.92,39.984,30.647999999999996,39.984,72.79199999999999,39.984,45.023999999999994,39.984,49.176,61.19999999999999,55.92,61.19999999999999,61.99199999999999,40.08,72.79199999999999,25.416000000000004,30.647999999999996,25.416000000000004,88.2,46.84799999999999,79.96799999999998,46.84799999999999,84.86399999999999,46.84799999999999,79.96799999999998,94.128,79.96799999999998,29.472,36.696,60.64799999999999,88.272,60.64799999999999,78.0,23.568000000000005,55.92,23.568000000000005,83.592,42.936,30.647999999999996,18.624,72.79199999999999,84.38399999999999,45.023999999999994,84.38399999999999,57.74399999999999,5.951999999999996,44.544,42.74400000000001,15.647999999999998,81.93599999999999,57.74399999999999,49.176,79.96799999999998
7.175999999999996,67.872,16.319999999999997,13.343999999999996,44.616,6.768000000000001,42.144000000000005,62.135999999999996,15.863999999999995,29.951999999999998,44.616,29.951999999999998,18.863999999999997,35.832,44.616,35.832,15.479999999999997,72.79199999999999,0.0,72.79199999999999,41.904,25.848,15.863999999999995,25.848,51.21599999999999,23.951999999999995,36.096000000000004,47.4,27.768,19.008,67.08,31.511999999999993,32.352,31.511999999999993,27.791999999999994,12.624000000000002,36.096000000000004,12.624000000000002,48.864,12.624000000000002,48.864,12.624000000000002,30.791999999999994,48.456,25.464,19.008,34.007999999999996,51.120000000000005,53.20799999999999,53.111999999999995,42.144000000000005,53.111999999999995,0.0,53.111999999999995,27.768,53.111999999999995,32.352,28.056,53.20799999999999,28.056,48.864,32.712,0.0,47.376,42.144000000000005,47.376,24.95999999999999,25.944000000000003,7.175999999999996,25.944000000000003,25.464,25.944000000000003,7.175999999999996,21.336000000000002,7.175999999999996,59.928,36.096000000000004,12.144000000000005,15.479999999999997,12.144000000000005,30.791999999999994,67.512,53.20799999999999,67.512,16.319999999999997,46.032,42.144000000000005,54.168,0.0,12.552000000000005,27.768,12.552000000000005,44.616,66.84,34.007999999999996,42.912,67.08,27.384,44.616,23.616,7.175999999999996
79.96799999999998,19.608000000000004,83.592,75.144,57.74399999999999,66.02399999999999,30.647999999999996,13.248000000000001,70.94399999999999,59.30399999999999,57.74399999999999,59.30399999999999,59.544,36.96,57.74399999999999,36.96,88.272,0.0,72.79199999999999,0.0,30.887999999999998,98.63999999999999,70.94399999999999,98.63999999999999,38.087999999999994,51.0,36.696,45.407999999999994,45.023999999999994,87.624,15.647999999999998,42.04799999999999,49.176,42.04799999999999,100.58399999999999,74.472,36.696,74.472,61.99199999999999,74.472,61.99199999999999,74.472,78.0,24.33599999999999,84.86399999999999,53.784,44.544,23.159999999999997,55.92,39.984,30.647999999999996,39.984,72.79199999999999,39.984,45.023999999999994,39.984,49.176,61.19999999999999,55.92,61.19999999999999,61.99199999999999,40.08,72.79199999999999,25.416000000000004,30.647999999999996,25.416000000000004,88.2,46.84799999999999,79.96799999999998,46.84799999999999,84.86399999999999,46.84799999999999,79.96799999999998,94.128,79.96799999999998,29.472,36.696,60.64799999999999,88.272,60.64799999999999,78.0,23.568000000000005,55.92,23.568000000000005,83.592,42.936,30.647999999999996,18.624,72.79199999999999,84.38399999999999,45.023999999999994,84.38399999999999,57.74399999999999,5.951999999999996,44.544,42.74400000000001,15.647999999999998,81.93599999999999,57.74399999999999,49.176,79.96799999999998
49.08,38.88,52.704,44.256,77.016,35.136,15.744,20.232,40.056000000000004,62.352,77.016,62.352,28.656000000000002,39.336,77.016,39.336,57.384,30.887999999999998,41.904,30.887999999999998,0.0,67.752,40.056000000000004,67.752,18.816,20.112000000000002,8.112,15.0,35.976000000000006,56.736,34.919999999999995,11.159999999999997,18.287999999999997,11.159999999999997,69.696,45.024,8.112,45.024,81.264,45.024,81.264,45.024,47.112,19.368000000000006,53.976,38.68800000000001,13.655999999999999,9.216000000000003,25.031999999999996,20.711999999999996,15.744,20.711999999999996,41.904,20.711999999999996,35.976000000000006,20.711999999999996,18.287999999999997,60.456,25.031999999999996,60.456,81.264,20.471999999999998,41.904,34.416,15.744,34.416,57.312000000000005,54.312000000000005,49.08,54.312000000000005,53.976,54.312000000000005,49.08,63.24,49.08,48.744,8.112,42.672000000000004,57.384,42.672000000000004,47.112,42.84,25.031999999999996,42.84,52.704,13.631999999999998,15.744,17.927999999999997,41.904,53.495999999999995,35.976000000000006,53.495999999999995,77.016,24.936,13.655999999999999,62.016,34.919999999999995,51.047999999999995,77.016,24.384,49.08
18.672,93.71999999999998,24.071999999999992,23.496,59.135999999999996,32.616,67.99199999999999,87.984,27.695999999999998,39.336,59.135999999999996,39.336,39.096,61.67999999999999,59.135999999999996,61.67999999999999,10.367999999999999,98.63999999999999,25.848,98.63999999999999,67.752,0.0,27.695999999999998,0.0,60.55199999999999,47.63999999999999,61.944,53.232,53.616,11.256,92.928,56.59199999999999,49.464,56.59199999999999,3.4800000000000004,24.168,61.944,24.168,56.616,24.168,56.616,24.168,23.04,74.304,17.711999999999996,44.855999999999995,54.096,76.968,45.455999999999996,58.99199999999999,67.99199999999999,58.99199999999999,25.848,58.99199999999999,53.616,58.99199999999999,49.464,37.440000000000005,45.455999999999996,37.440000000000005,56.616,58.559999999999995,25.848,73.22399999999999,67.99199999999999,73.22399999999999,17.207999999999995,51.792,18.672,51.792,17.711999999999996,51.792,18.672,8.447999999999999,18.672,85.776,61.944,37.992000000000004,10.367999999999999,37.992000000000004,23.04,93.36000000000001,45.455999999999996,93.36000000000001,24.071999999999992,55.70399999999999,67.99199999999999,80.016,25.848,20.304000000000002,53.616,20.304000000000002,59.135999999999996,92.688,54.096,68.75999999999999,92.928,19.631999999999998,59.135999999999996,49.464,18.672
20.207999999999995,66.024,32.18399999999999,4.200000000000002,60.47999999999999,12.744000000000003,40.296,60.28799999999999,0.0,45.81599999999999,60.47999999999999,45.81599999999999,11.4,33.983999999999995,60.47999999999999,33.983999999999995,17.328,70.94399999999999,15.863999999999995,70.94399999999999,40.056000000000004,27.695999999999998,0.0,27.695999999999998,35.352,19.943999999999996,34.248,31.536,25.919999999999995,16.679999999999996,65.232,28.896000000000004,21.768,28.896000000000004,29.639999999999993,28.488,34.248,28.488,64.728,28.488,64.728,28.488,14.928,46.608000000000004,13.920000000000002,22.152000000000005,26.4,49.272,37.344,37.248000000000005,40.296,37.248000000000005,15.863999999999995,37.248000000000005,25.919999999999995,37.248000000000005,21.768,43.919999999999995,37.344,43.919999999999995,64.728,30.863999999999997,15.863999999999995,45.528,40.296,45.528,17.256000000000004,37.775999999999996,20.207999999999995,37.775999999999996,13.920000000000002,37.775999999999996,20.207999999999995,23.184,20.207999999999995,58.08,34.248,26.136,17.328,26.136,14.928,65.664,37.344,65.664,32.18399999999999,30.168,40.296,52.31999999999999,15.863999999999995,28.415999999999997,25.919999999999995,28.415999999999997,60.47999999999999,64.99199999999999,26.4,45.47999999999999,65.232,11.520000000000003,60.47999999999999,21.768,20.207999999999995
18.672,93.71999999999998,24.071999999999992,23.496,59.135999999999996,32.616,67.99199999999999,87.984,27.695999999999998,39.336,59.135999999999996,39.336,39.096,61.67999999999999,59.135999999999996,61.67999999999999,10.367999999999999,98.63999999999999,25.848,98.63999999999999,67.752,0.0,27.695999999999998,0.0,60.55199999999999,47.63999999999999,61.944,53.232,53.616,11.256,92.928,56.59199999999999,49.464,56.59199999999999,3.4800000000000004,24.168,61.944,24.168,56.616,24.168,56.616,24.168,23.04,74.304,17.711999999999996,44.855999999999995,54.096,76.968,45.455999999999996,58.99199999999999,67.99199999999999,58.99199999999999,25.848,58.99199999999999,53.616,58.99199999999999,49.464,37.440000000000005,45.455999999999996,37.440000000000005,56.616,58.559999999999995,25.848,73.22399999999999,67.99199999999999,73.22399999999999,17.207999999999995,51.792,18.672,51.792,17.711999999999996,51.792,18.672,8.447999999999999,18.672,85.776,61.944,37.992000000000004,10.367999999999999,37.992000000000004,23.04,93.36000000000001,45.455999999999996,93.36000000000001,24.071999999999992,55.70399999999999,67.99199999999999,80.016,25.848,20.304000000000002,53.616,20.304000000000002,59.135999999999996,92.688,54.096,68.75999999999999,92.928,19.631999999999998,59.135999999999996,49.464,18.672
55.559999999999995,57.696,67.53599999999999,37.872,95.832,48.096000000000004,34.56,27.432,35.352,81.16799999999999,95.832,81.16799999999999,32.352,58.152,95.832,58.152,50.18399999999999,38.087999999999994,51.21599999999999,38.087999999999994,18.816,60.55199999999999,35.352,60.55199999999999,0.0,27.264000000000003,26.928,7.3199999999999985,54.792,49.53599999999999,53.73599999999999,19.704,18.864,19.704,62.495999999999995,63.84,26.928,63.84,100.08,63.84,100.08,63.84,39.912,38.184000000000005,46.776,57.504,17.208,16.416000000000004,17.831999999999997,1.8959999999999995,34.56,1.8959999999999995,51.21599999999999,1.8959999999999995,54.792,1.8959999999999995,18.864,79.272,17.831999999999997,79.272,100.08,39.28799999999999,51.21599999999999,53.232,34.56,53.232,50.112,73.128,55.559999999999995,73.128,46.776,73.128,55.559999999999995,56.03999999999999,55.559999999999995,67.55999999999999,26.928,61.48799999999999,50.18399999999999,61.48799999999999,39.912,61.65599999999999,17.831999999999997,61.65599999999999,67.53599999999999,5.184,34.56,36.74399999999999,51.21599999999999,63.768,54.792,63.768,95.832,42.12,17.208,80.832,53.73599999999999,43.848,95.832,43.199999999999996,55.559999999999995
28.967999999999996,46.080000000000005,40.27199999999999,24.144,68.568,20.832000000000004,20.352,40.343999999999994,19.943999999999996,53.903999999999996,68.568,53.903999999999996,8.543999999999999,30.887999999999998,68.568,30.887999999999998,37.272,51.0,23.951999999999995,51.0,20.112000000000002,47.63999999999999,19.943999999999996,47.63999999999999,27.264000000000003,0.0,14.304000000000002,23.447999999999997,27.528,36.623999999999995,45.288000000000004,8.952000000000004,8.400000000000002,8.952000000000004,49.58399999999999,36.576,14.304000000000002,36.576,72.81599999999999,36.576,72.81599999999999,36.576,27.0,26.664000000000005,33.864,30.240000000000002,10.056000000000001,29.328,29.256,29.160000000000004,20.352,29.160000000000004,23.951999999999995,29.160000000000004,27.528,29.160000000000004,8.400000000000002,52.008,29.256,52.008,72.81599999999999,12.023999999999994,23.951999999999995,25.967999999999996,20.352,25.967999999999996,37.199999999999996,45.864,28.967999999999996,45.864,33.864,45.864,28.967999999999996,43.12799999999999,28.967999999999996,40.296,14.304000000000002,34.224,37.272,34.224,27.0,45.72,29.256,45.72,40.27199999999999,22.080000000000002,20.352,32.376,23.951999999999995,36.504,27.528,36.504,68.568,45.04800000000001,10.056000000000001,53.568,45.288000000000004,30.935999999999996,68.568,15.935999999999996,28.967999999999996
43.272,31.776000000000003,46.895999999999994,38.44800000000001,68.904,29.328,7.631999999999999,26.039999999999992,34.248,54.239999999999995,68.904,54.239999999999995,22.848,31.223999999999997,68.904,31.223999999999997,51.576,36.696,36.096000000000004,36.696,8.112,61.944,34.248,61.944,26.928,14.304000000000002,0.0,23.112,27.864,50.928,30.983999999999998,7.223999999999997,12.48,7.223999999999997,63.888,37.775999999999996,0.0,37.775999999999996,73.152,37.775999999999996,73.152,37.775999999999996,41.304,12.360000000000003,48.168,30.576000000000004,9.719999999999999,15.024000000000001,28.919999999999995,28.823999999999998,7.631999999999999,28.823999999999998,36.096000000000004,28.823999999999998,27.864,28.823999999999998,12.48,52.343999999999994,28.919999999999995,52.343999999999994,73.152,12.359999999999996,36.096000000000004,26.303999999999995,7.631999999999999,26.303999999999995,51.504,46.199999999999996,43.272,46.199999999999996,48.168,46.199999999999996,43.272,57.431999999999995,43.272,40.632,0.0,34.56,51.576,34.56,41.304,34.728,28.919999999999995,34.728,46.895999999999994,21.744,7.631999999999999,18.071999999999996,36.096000000000004,47.687999999999995,27.864,47.687999999999995,68.904,30.744,9.719999999999999,53.903999999999996,30.983999999999998,45.24,68.904,16.272,43.272
51.743999999999986,53.879999999999995,63.71999999999999,34.056000000000004,92.01599999999999,44.28000000000001,30.744,34.75199999999999,31.536,77.35199999999999,92.01599999999999,77.35199999999999,28.536,54.336,92.01599999999999,54.336,42.864000000000004,45.407999999999994,47.4,45.407999999999994,15.0,53.232,31.536,53.232,7.3199999999999985,23.447999999999997,23.112,0.0,50.976,42.216,49.91999999999999,15.888000000000002,15.047999999999998,15.888000000000002,55.176,60.024,23.112,60.024,96.264,60.024,96.264,60.024,32.592,34.368,39.456,53.68800000000001,13.392,23.736,10.512000000000002,5.759999999999999,30.744,5.759999999999999,47.4,5.759999999999999,50.976,5.759999999999999,15.047999999999998,75.45599999999999,10.512000000000002,75.45599999999999,96.264,35.471999999999994,47.4,49.41599999999999,30.744,49.41599999999999,42.792,69.312,51.743999999999986,69.312,39.456,69.312,51.743999999999986,48.71999999999999,51.743999999999986,63.74399999999999,23.112,57.672,42.864000000000004,57.672,32.592,57.84,10.512000000000002,57.84,63.71999999999999,2.4719999999999995,30.744,32.928,47.4,59.952,50.976,59.952,92.01599999999999,39.455999999999996,13.392,77.01599999999999,49.91999999999999,36.528,92.01599999999999,39.384,51.743999999999986
34.943999999999996,40.104,38.568,30.12,41.03999999999999,21.0,20.232000000000003,34.367999999999995,25.919999999999995,26.375999999999994,41.03999999999999,26.375999999999994,22.44,8.063999999999998,41.03999999999999,8.063999999999998,43.248,45.023999999999994,27.768,45.023999999999994,35.976000000000006,53.616,25.919999999999995,53.616,54.792,27.528,27.864,50.976,0.0,42.6,39.312,35.088,35.928000000000004,35.088,55.559999999999995,29.447999999999997,27.864,29.447999999999997,45.28799999999999,29.447999999999997,45.28799999999999,29.447999999999997,34.368,20.688000000000002,39.84,8.76,37.583999999999996,39.864,56.784,56.68800000000001,20.232000000000003,56.68800000000001,27.768,56.68800000000001,0.0,56.68800000000001,35.928000000000004,24.479999999999997,56.784,24.479999999999997,45.28799999999999,15.504000000000005,27.768,19.607999999999993,20.232000000000003,19.607999999999993,43.176,18.336000000000002,34.943999999999996,18.336000000000002,39.84,18.336000000000002,34.943999999999996,49.104,34.943999999999996,32.16,27.864,15.623999999999995,43.248,15.623999999999995,34.368,39.74400000000001,56.784,39.74400000000001,38.568,49.608000000000004,20.232000000000003,26.4,27.768,39.35999999999999,0.0,39.35999999999999,41.03999999999999,39.072,37.583999999999996,26.039999999999992,39.312,36.912,41.03999999999999,11.592000000000004,34.943999999999996
23.351999999999997,82.704,35.327999999999996,12.479999999999993,63.624,21.599999999999994,56.97599999999999,76.968,16.679999999999996,48.96,63.624,48.96,28.08,50.663999999999994,63.624,50.663999999999994,13.896,87.624,19.008,87.624,56.736,11.256,16.679999999999996,11.256,49.53599999999999,36.623999999999995,50.928,42.216,42.6,0.0,81.91199999999999,45.57599999999999,38.448,45.57599999999999,12.96,31.632,50.928,31.632,67.872,31.632,67.872,31.632,11.783999999999997,63.28799999999999,6.455999999999995,33.839999999999996,43.07999999999999,65.952,34.199999999999996,47.97599999999999,56.97599999999999,47.97599999999999,19.008,47.97599999999999,42.6,47.97599999999999,38.448,47.064,34.199999999999996,47.064,67.872,47.544,19.008,62.20799999999999,56.97599999999999,62.20799999999999,5.951999999999994,40.92000000000001,23.351999999999997,40.92000000000001,6.455999999999995,40.92000000000001,23.351999999999997,6.504000000000003,23.351999999999997,74.75999999999999,50.928,29.28,13.896,29.28,11.783999999999997,82.34400000000001,34.199999999999996,82.34400000000001,35.327999999999996,44.687999999999995,56.97599999999999,69.0,19.008,31.560000000000002,42.6,31.560000000000002,63.624,81.672,43.07999999999999,57.74399999999999,81.91199999999999,8.376,63.624,38.447999999999986,23.351999999999997
