0.0,23.639999999999997,20.424,42.38400000000001,14.711999999999996,47.28000000000001,10.824,53.112,46.488,53.112,32.592000000000006,66.816,56.831999999999994,57.480000000000004,27.071999999999996,57.480000000000004,16.631999999999994,24.744,20.424,24.744,68.928,24.744,16.104000000000003,29.591999999999995,60.072,9.959999999999992,12.984,9.959999999999992,16.631999999999994,9.959999999999992,8.784,9.696000000000007,12.984,32.352,50.232,78.432,23.976,62.304,31.272000000000002,51.647999999999996,14.711999999999996,51.647999999999996,16.104000000000003,51.647999999999996,17.640000000000004,71.976,75.312,43.848000000000006,16.104000000000003,43.848000000000006,68.928,14.591999999999995,49.584,66.624,36.72,24.599999999999998,16.631999999999994,24.599999999999998,8.784,24.599999999999998,27.071999999999996,15.479999999999997,36.72,15.479999999999997,46.488,20.183999999999994,16.104000000000003,36.888000000000005,50.232,37.896,68.928,37.896,14.711999999999996,37.896,23.976,26.736000000000004,14.711999999999996,33.528000000000006,16.104000000000003,24.744,75.312,63.912000000000006,23.976,73.872,31.272000000000002,73.872,8.784,60.0,60.072,55.872,8.784,55.872,36.72,55.872,16.631999999999994,55.872,12.984,56.472,20.424,56.472,0.0
23.639999999999997,0.0,18.911999999999995,18.744000000000003,22.319999999999997,48.792,34.464,54.62400000000001,22.848000000000003,54.62400000000001,39.911999999999985,68.32799999999999,33.192,46.272,17.640000000000004,46.272,15.119999999999992,29.088,18.911999999999995,29.088,45.288000000000004,29.088,17.616000000000003,53.232,36.431999999999995,14.927999999999997,14.496000000000002,14.927999999999997,15.119999999999992,14.927999999999997,14.855999999999998,23.11199999999999,14.496000000000002,16.82400000000001,48.431999999999995,54.792,8.640000000000002,63.816,11.856000000000007,28.008,22.319999999999997,28.008,17.616000000000003,28.008,5.999999999999996,48.336,51.672,45.36000000000001,17.616000000000003,45.36000000000001,45.288000000000004,23.304,51.096000000000004,42.984,13.079999999999998,11.184000000000005,15.119999999999992,11.184000000000005,14.855999999999998,11.184000000000005,17.640000000000004,14.016000000000004,13.079999999999998,14.016000000000004,22.848000000000003,12.479999999999997,17.616000000000003,39.312,48.431999999999995,39.408,45.288000000000004,39.408,22.319999999999997,39.408,8.640000000000002,41.064,22.319999999999997,35.040000000000006,17.616000000000003,14.064000000000007,51.672,65.424,8.640000000000002,50.232,11.856000000000007,50.232,14.855999999999998,61.512,36.431999999999995,32.232,14.855999999999998,32.232,13.079999999999998,32.232,15.119999999999992,32.232,14.496000000000002,57.98400000000001,18.911999999999995,57.98400000000001,23.639999999999997
20.424,18.911999999999995,0.0,30.456000000000003,10.607999999999999,67.704,25.152,73.536,34.56,73.536,53.016000000000005,87.24,44.904,65.184,36.552,65.184,3.7920000000000043,45.168,0.0,45.168,57.0,45.168,36.528,41.51999999999999,48.14399999999999,10.464000000000008,33.408,10.464000000000008,3.7920000000000043,10.464000000000008,11.784000000000004,30.120000000000005,33.408,35.736000000000004,67.34400000000001,66.504,27.552,82.728,30.768000000000004,39.71999999999999,10.607999999999999,39.71999999999999,36.528,39.71999999999999,14.496000000000002,60.047999999999995,63.384,64.272,36.528,64.272,57.0,11.592,70.008,54.696,24.791999999999994,30.096,3.7920000000000043,30.096,11.784000000000004,30.096,36.552,32.928,24.791999999999994,32.928,34.56,8.255999999999995,36.528,57.312000000000005,67.34400000000001,58.32,57.0,58.32,10.607999999999999,58.32,27.552,47.160000000000004,10.607999999999999,53.952000000000005,36.528,32.976000000000006,63.384,84.336,27.552,61.944,30.768000000000004,61.944,11.784000000000004,80.424,48.14399999999999,43.944,11.784000000000004,43.944,24.791999999999994,43.944,3.7920000000000043,43.944,33.408,76.896,0.0,76.896,20.424
42.38400000000001,18.744000000000003,30.456000000000003,0.0,41.064,58.751999999999995,53.208,64.584,15.767999999999995,64.584,58.656,78.288,14.447999999999999,56.232,27.599999999999998,56.232,27.912000000000006,47.83200000000001,30.456000000000003,47.83200000000001,26.543999999999997,47.83200000000001,35.784000000000006,71.976,17.832,33.672000000000004,29.640000000000008,33.672000000000004,27.912000000000006,33.672000000000004,33.6,41.855999999999995,29.640000000000008,26.784000000000002,58.391999999999996,36.047999999999995,18.599999999999998,73.776,21.816000000000003,24.288000000000004,41.064,24.288000000000004,35.784000000000006,24.288000000000004,24.744,29.591999999999995,32.928,55.32,35.784000000000006,55.32,26.543999999999997,42.04800000000001,61.056,26.111999999999995,9.456000000000003,21.144000000000002,27.912000000000006,21.144000000000002,33.6,21.144000000000002,27.599999999999998,26.904000000000003,9.456000000000003,26.904000000000003,15.767999999999995,22.200000000000006,35.784000000000006,58.056,58.391999999999996,49.367999999999995,26.543999999999997,49.367999999999995,41.064,49.367999999999995,18.599999999999998,59.808,41.064,45.0,35.784000000000006,24.024,32.928,75.384,18.599999999999998,31.487999999999996,21.816000000000003,31.487999999999996,33.6,71.472,17.832,19.632,33.6,19.632,9.456000000000003,19.632,27.912000000000006,19.632,29.640000000000008,67.944,30.456000000000003,67.944,42.38400000000001
14.711999999999996,22.319999999999997,10.607999999999999,41.064,0.0,61.99199999999999,19.439999999999998,67.824,45.168,67.824,47.304,81.52799999999999,55.512,59.472,30.839999999999996,59.472,13.151999999999996,39.455999999999996,10.607999999999999,39.455999999999996,67.608,39.455999999999996,30.816,30.911999999999995,58.75199999999999,7.3919999999999995,27.695999999999998,7.3919999999999995,13.151999999999996,7.3919999999999995,7.463999999999999,24.408,27.695999999999998,31.031999999999996,61.632,77.11200000000001,22.656,77.016,29.951999999999998,50.327999999999996,0.0,50.327999999999996,30.816,50.327999999999996,16.32,70.65599999999999,73.99199999999999,58.559999999999995,30.816,58.559999999999995,67.608,0.9840000000000003,64.29599999999999,65.304,35.39999999999999,24.384,13.151999999999996,24.384,7.463999999999999,24.384,30.839999999999996,27.215999999999998,35.39999999999999,27.215999999999998,45.168,18.863999999999994,30.816,51.599999999999994,61.632,52.608000000000004,67.608,52.608000000000004,0.0,52.608000000000004,22.656,41.44800000000001,0.0,48.24,30.816,27.264000000000003,73.99199999999999,78.62400000000001,22.656,72.552,29.951999999999998,72.552,7.463999999999999,74.71199999999999,58.75199999999999,54.55200000000001,7.463999999999999,54.55200000000001,35.39999999999999,54.55200000000001,13.151999999999996,54.55200000000001,27.695999999999998,71.184,10.607999999999999,71.184,14.711999999999996
47.28000000000001,48.792,67.704,58.751999999999995,61.99199999999999,0.0,42.552,12.935999999999996,42.98400000000001,12.935999999999996,34.559999999999995,19.536,44.64,39.192,31.152,39.192,63.91199999999999,23.736,67.704,23.736,50.64,23.736,31.176,47.879999999999995,41.784,57.239999999999995,34.296,57.239999999999995,63.91199999999999,57.239999999999995,55.91999999999999,37.583999999999996,34.296,31.968,31.944,60.144000000000005,40.152,21.36,36.936,34.464,61.99199999999999,34.464,31.176,34.464,53.208,53.688,57.023999999999994,22.487999999999996,31.176,22.487999999999996,50.64,61.872,26.976,48.336,49.29599999999999,37.608000000000004,63.91199999999999,37.608000000000004,55.91999999999999,37.608000000000004,31.152,34.776,49.29599999999999,34.776,42.98400000000001,61.272,31.176,33.959999999999994,31.944,23.112,50.64,23.112,61.99199999999999,23.112,40.152,35.711999999999996,61.99199999999999,13.751999999999999,31.176,34.727999999999994,57.023999999999994,16.631999999999998,40.152,55.584,36.936,55.584,55.91999999999999,21.983999999999998,41.784,39.12,55.91999999999999,39.12,49.29599999999999,39.12,63.91199999999999,39.12,34.296,27.671999999999997,67.704,27.671999999999997,47.28000000000001
10.824,34.464,25.152,53.208,19.439999999999998,42.552,0.0,48.384,57.312000000000005,48.384,27.864000000000004,62.088,67.656,68.304,37.895999999999994,68.304,25.295999999999996,20.016,25.152,20.016,79.75200000000001,20.016,17.424,18.767999999999997,70.896,19.536,23.567999999999994,19.536,25.295999999999996,19.536,19.608,11.352000000000006,23.567999999999994,43.176,61.056,89.25599999999999,34.8,57.576,42.096,62.472,19.439999999999998,62.472,17.424,62.472,28.464000000000002,82.8,86.136,39.12,17.424,39.12,79.75200000000001,19.319999999999997,56.088,77.448,47.544,35.424,25.295999999999996,35.424,19.608,35.424,37.895999999999994,26.303999999999995,47.544,26.303999999999995,57.312000000000005,31.007999999999996,17.424,32.160000000000004,61.056,33.168,79.75200000000001,33.168,19.439999999999998,33.168,34.8,22.008000000000003,19.439999999999998,30.912,17.424,35.568,86.136,59.184,34.8,84.69600000000001,42.096,84.69600000000001,19.608,55.272,70.896,66.696,19.608,66.696,47.544,66.696,25.295999999999996,66.696,23.567999999999994,56.78399999999999,25.152,56.78399999999999,10.824
53.112,54.62400000000001,73.536,64.584,67.824,12.935999999999996,48.384,0.0,48.816,0.0,21.624,15.383999999999995,51.480000000000004,52.12799999999999,36.984,52.12799999999999,69.744,28.368,73.536,28.368,63.57599999999999,28.368,37.008,39.936,54.72,63.072,40.12800000000001,63.072,69.744,63.072,61.751999999999995,43.416,40.12800000000001,37.8,44.879999999999995,73.08,45.98400000000001,34.296,42.768,46.296,67.824,46.296,37.008,46.296,59.04,66.624,69.96,9.552,37.008,9.552,63.57599999999999,67.704,39.912,61.272,55.12799999999999,43.440000000000005,69.744,43.440000000000005,61.751999999999995,43.440000000000005,36.984,40.608000000000004,55.12799999999999,40.608000000000004,48.816,67.104,37.008,21.023999999999997,44.879999999999995,15.216000000000001,63.57599999999999,15.216000000000001,67.824,15.216000000000001,45.98400000000001,26.375999999999998,67.824,19.584,37.008,40.559999999999995,69.96,17.279999999999998,45.98400000000001,68.52,42.768,68.52,61.751999999999995,34.919999999999995,54.72,50.519999999999996,61.751999999999995,50.519999999999996,55.12799999999999,50.519999999999996,69.744,50.519999999999996,40.12800000000001,40.608,73.536,40.608,53.112
46.488,22.848000000000003,34.56,15.767999999999995,45.168,42.98400000000001,57.312000000000005,48.816,0.0,48.816,62.75999999999999,62.519999999999996,10.344000000000001,40.464,19.416000000000004,40.464,32.016000000000005,51.936,34.56,51.936,22.439999999999994,51.936,39.888,76.08,13.583999999999998,37.775999999999996,33.74400000000001,37.775999999999996,32.016000000000005,37.775999999999996,37.704,45.959999999999994,33.74400000000001,14.136000000000001,42.624,31.944,22.512,58.008,15.216,8.52000000000001,45.168,8.52000000000001,39.888,8.52000000000001,28.848,25.487999999999996,28.823999999999995,50.68799999999999,39.888,50.68799999999999,22.439999999999994,46.152,45.28800000000001,20.136,9.768000000000004,21.888,32.016000000000005,21.888,37.704,21.888,19.416000000000004,31.008000000000003,9.768000000000004,31.008000000000003,0.0,26.304000000000006,39.888,62.16,42.624,51.312000000000005,22.439999999999994,51.312000000000005,45.168,51.312000000000005,22.512,63.912000000000006,45.168,29.232000000000006,39.888,21.744,28.823999999999995,59.61600000000001,22.512,27.384,15.216,27.384,37.704,55.704,13.583999999999998,9.384,37.704,9.384,9.768000000000004,9.384,32.016000000000005,9.384,33.74400000000001,52.176,34.56,52.176,46.488
53.112,54.62400000000001,73.536,64.584,67.824,12.935999999999996,48.384,0.0,48.816,0.0,21.624,15.383999999999995,51.480000000000004,52.12799999999999,36.984,52.12799999999999,69.744,28.368,73.536,28.368,63.57599999999999,28.368,37.008,39.936,54.72,63.072,40.12800000000001,63.072,69.744,63.072,61.751999999999995,43.416,40.12800000000001,37.8,44.879999999999995,73.08,45.98400000000001,34.296,42.768,46.296,67.824,46.296,37.008,46.296,59.04,66.624,69.96,9.552,37.008,9.552,63.57599999999999,67.704,39.912,61.272,55.12799999999999,43.440000000000005,69.744,43.440000000000005,61.751999999999995,43.440000000000005,36.984,40.608000000000004,55.12799999999999,40.608000000000004,48.816,67.104,37.008,21.023999999999997,44.879999999999995,15.216000000000001,63.57599999999999,15.216000000000001,67.824,15.216000000000001,45.98400000000001,26.375999999999998,67.824,19.584,37.008,40.559999999999995,69.96,17.279999999999998,45.98400000000001,68.52,42.768,68.52,61.751999999999995,34.919999999999995,54.72,50.519999999999996,61.751999999999995,50.519999999999996,55.12799999999999,50.519999999999996,69.744,50.519999999999996,40.12800000000001,40.608,73.536,40.608,53.112
32.592000000000006,39.911999999999985,53.016000000000005,58.656,47.304,34.559999999999995,27.864000000000004,21.624,62.75999999999999,21.624,0.0,37.007999999999996,73.104,73.752,43.34399999999999,73.752,49.224000000000004,10.823999999999993,53.016000000000005,10.823999999999993,85.2,10.823999999999993,22.871999999999993,19.416,76.344,42.55199999999999,29.01599999999999,42.55199999999999,49.224000000000004,42.55199999999999,41.232,22.895999999999997,29.01599999999999,48.623999999999995,66.504,94.704,40.24799999999999,55.92,47.544,67.91999999999999,47.304,67.91999999999999,22.871999999999993,67.91999999999999,38.52,88.24799999999999,91.58399999999999,12.071999999999997,22.871999999999993,12.071999999999997,85.2,47.184,61.536,82.896,52.99199999999999,40.87199999999999,49.224000000000004,40.87199999999999,41.232,40.87199999999999,43.34399999999999,31.751999999999992,52.99199999999999,31.751999999999992,62.75999999999999,46.58400000000001,22.871999999999993,4.2959999999999985,66.504,11.447999999999997,85.2,11.447999999999997,47.304,11.447999999999997,40.24799999999999,5.856000000000002,47.304,36.35999999999999,22.871999999999993,41.01599999999999,91.58399999999999,38.904,40.24799999999999,90.144,47.544,90.144,41.232,56.544,76.344,72.144,41.232,72.144,52.99199999999999,72.144,49.224000000000004,72.144,29.01599999999999,62.231999999999985,53.016000000000005,62.231999999999985,32.592000000000006
66.816,68.32799999999999,87.24,78.288,81.52799999999999,19.536,62.088,15.383999999999995,62.519999999999996,15.383999999999995,37.007999999999996,0.0,64.176,36.744,50.68799999999999,36.744,83.448,42.072,87.24,42.072,55.391999999999996,42.072,50.711999999999996,53.64,60.45599999999999,76.776,53.831999999999994,76.776,83.448,76.776,75.456,57.12,53.831999999999994,51.50399999999999,29.495999999999995,57.696,59.68799999999999,18.912,56.472,53.999999999999986,81.52799999999999,53.999999999999986,50.711999999999996,53.999999999999986,72.744,56.952,54.57599999999999,24.935999999999996,50.711999999999996,24.935999999999996,55.391999999999996,81.408,24.527999999999995,52.175999999999995,68.832,57.144000000000005,83.448,57.144000000000005,75.456,57.144000000000005,50.68799999999999,54.312,68.832,54.312,62.519999999999996,80.808,50.711999999999996,36.407999999999994,29.495999999999995,28.92,55.391999999999996,28.92,81.52799999999999,28.92,59.68799999999999,40.08,81.52799999999999,33.28799999999999,50.711999999999996,54.263999999999996,54.57599999999999,2.904,59.68799999999999,53.135999999999996,56.472,53.135999999999996,75.456,19.536,60.45599999999999,58.65599999999999,75.456,58.65599999999999,68.832,58.65599999999999,83.448,58.65599999999999,53.831999999999994,25.223999999999997,87.24,25.223999999999997,66.816
56.831999999999994,33.192,44.904,14.447999999999999,55.512,44.64,67.656,51.480000000000004,10.344000000000001,51.480000000000004,73.104,64.176,0.0,42.12,29.760000000000005,42.12,42.36000000000001,62.28,44.904,62.28,12.095999999999995,62.28,50.232,86.424,3.7200000000000037,48.12,44.08800000000001,48.12,42.36000000000001,48.12,48.048,56.304,44.08800000000001,24.48,44.28000000000001,21.936,32.856,59.663999999999994,25.56,10.176000000000009,55.512,10.176000000000009,50.232,10.176000000000009,39.19199999999999,15.143999999999997,18.479999999999997,61.032,50.232,61.032,12.095999999999995,56.495999999999995,46.944,12.000000000000002,20.112000000000005,32.232,42.36000000000001,32.232,48.048,32.232,29.760000000000005,41.35200000000001,20.112000000000005,41.35200000000001,10.344000000000001,36.648,50.232,72.504,44.28000000000001,61.656,12.095999999999995,61.656,55.512,61.656,32.856,74.256,55.512,36.744,50.232,32.088,18.479999999999997,61.272,32.856,17.04,25.56,17.04,48.048,57.36,3.7200000000000037,5.520000000000006,48.048,5.520000000000006,20.112000000000005,5.520000000000006,42.36000000000001,5.520000000000006,44.08800000000001,53.83200000000001,44.904,53.83200000000001,56.831999999999994
57.480000000000004,46.272,65.184,56.232,59.472,39.192,68.304,52.12799999999999,40.464,52.12799999999999,73.752,36.744,42.12,0.0,30.408,0.0,61.391999999999996,62.928000000000004,65.184,62.928000000000004,33.33599999999999,62.928000000000004,50.88,87.072,38.4,54.71999999999999,44.736,54.71999999999999,61.391999999999996,54.71999999999999,53.4,56.95199999999999,44.736,29.447999999999993,7.248000000000002,20.952,37.632,17.832,34.416,31.943999999999992,59.472,31.943999999999992,50.88,31.943999999999992,50.68799999999999,34.895999999999994,31.65599999999999,61.67999999999999,50.88,61.67999999999999,33.33599999999999,59.35199999999999,12.216000000000001,30.12,46.775999999999996,35.087999999999994,61.391999999999996,35.087999999999994,53.4,35.087999999999994,30.408,42.0,46.775999999999996,42.0,40.464,58.751999999999995,50.88,73.152,7.248000000000002,62.304,33.33599999999999,62.304,59.472,62.304,37.632,74.904,59.472,37.391999999999996,50.88,32.736,31.65599999999999,34.848,37.632,27.48,34.416,27.48,53.4,17.208000000000002,38.4,36.599999999999994,53.4,36.599999999999994,46.775999999999996,36.599999999999994,61.391999999999996,36.599999999999994,44.736,11.712000000000003,65.184,11.712000000000003,57.480000000000004
27.071999999999996,17.640000000000004,36.552,27.599999999999998,30.839999999999996,31.152,37.895999999999994,36.984,19.416000000000004,36.984,43.34399999999999,50.68799999999999,29.760000000000005,30.408,0.0,30.408,32.76,32.52,36.552,32.52,41.856,32.52,20.471999999999998,56.663999999999994,33.0,26.087999999999994,14.328000000000001,26.087999999999994,32.76,26.087999999999994,24.767999999999994,26.54399999999999,14.328000000000001,5.280000000000002,30.791999999999998,51.36,9.0,46.176,5.783999999999996,24.576,30.839999999999996,24.576,20.471999999999998,24.576,22.055999999999997,44.904,48.24,31.27199999999999,20.471999999999998,31.27199999999999,41.856,30.719999999999995,33.456,39.552,18.143999999999995,6.455999999999999,32.76,6.455999999999999,24.767999999999994,6.455999999999999,0.0,11.592,18.143999999999995,11.592,19.416000000000004,30.12,20.471999999999998,42.74399999999999,30.791999999999998,31.895999999999997,41.856,31.895999999999997,30.839999999999996,31.895999999999997,9.0,44.495999999999995,30.839999999999996,17.400000000000002,20.471999999999998,3.575999999999996,48.24,47.784,9.0,46.8,5.783999999999996,46.8,24.767999999999994,43.872,33.0,28.800000000000004,24.767999999999994,28.800000000000004,18.143999999999995,28.800000000000004,32.76,28.800000000000004,14.328000000000001,40.344,36.552,40.344,27.071999999999996
57.480000000000004,46.272,65.184,56.232,59.472,39.192,68.304,52.12799999999999,40.464,52.12799999999999,73.752,36.744,42.12,0.0,30.408,0.0,61.391999999999996,62.928000000000004,65.184,62.928000000000004,33.33599999999999,62.928000000000004,50.88,87.072,38.4,54.71999999999999,44.736,54.71999999999999,61.391999999999996,54.71999999999999,53.4,56.95199999999999,44.736,29.447999999999993,7.248000000000002,20.952,37.632,17.832,34.416,31.943999999999992,59.472,31.943999999999992,50.88,31.943999999999992,50.68799999999999,34.895999999999994,31.65599999999999,61.67999999999999,50.88,61.67999999999999,33.33599999999999,59.35199999999999,12.216000000000001,30.12,46.775999999999996,35.087999999999994,61.391999999999996,35.087999999999994,53.4,35.087999999999994,30.408,42.0,46.775999999999996,42.0,40.464,58.751999999999995,50.88,73.152,7.248000000000002,62.304,33.33599999999999,62.304,59.472,62.304,37.632,74.904,59.472,37.391999999999996,50.88,32.736,31.65599999999999,34.848,37.632,27.48,34.416,27.48,53.4,17.208000000000002,38.4,36.599999999999994,53.4,36.599999999999994,46.775999999999996,36.599999999999994,61.391999999999996,36.599999999999994,44.736,11.712000000000003,65.184,11.712000000000003,57.480000000000004
16.631999999999994,15.119999999999992,3.7920000000000043,27.912000000000006,13.151999999999996,63.91199999999999,25.295999999999996,69.744,32.016000000000005,69.744,49.224000000000004,83.448,42.36000000000001,61.391999999999996,32.76,61.391999999999996,0.0,41.376,3.7920000000000043,41.376,54.456,41.376,32.736,44.064,45.6,6.672000000000002,29.615999999999993,6.672000000000002,0.0,6.672000000000002,7.992,26.328,29.615999999999993,31.944,63.552,63.96,23.759999999999994,78.93599999999999,26.976,37.176,13.151999999999996,37.176,32.736,37.176,10.703999999999997,57.504,60.84,60.48,32.736,60.48,54.456,14.135999999999996,66.216,52.152,22.247999999999998,26.303999999999995,0.0,26.303999999999995,7.992,26.303999999999995,32.76,29.135999999999996,22.247999999999998,29.135999999999996,32.016000000000005,5.711999999999997,32.736,53.519999999999996,63.552,54.52799999999999,54.456,54.52799999999999,13.151999999999996,54.52799999999999,23.759999999999994,43.368,13.151999999999996,50.16,32.736,29.183999999999997,60.84,80.544,23.759999999999994,59.400000000000006,26.976,59.400000000000006,7.992,76.63199999999999,45.6,41.4,7.992,41.4,22.247999999999998,41.4,0.0,41.4,29.615999999999993,73.104,3.7920000000000043,73.104,16.631999999999994
24.744,29.088,45.168,47.83200000000001,39.455999999999996,23.736,20.016,28.368,51.936,28.368,10.823999999999993,42.072,62.28,62.928000000000004,32.52,62.928000000000004,41.376,0.0,45.168,0.0,74.376,0.0,12.048000000000002,24.14399999999999,65.52,34.70399999999999,18.192,34.70399999999999,41.376,34.70399999999999,33.38399999999999,15.047999999999995,18.192,37.800000000000004,55.68000000000001,83.88000000000001,29.424000000000003,45.096000000000004,36.720000000000006,57.096,39.455999999999996,57.096,12.048000000000002,57.096,30.671999999999997,77.424,80.76,19.104000000000003,12.048000000000002,19.104000000000003,74.376,39.336,50.712,72.072,42.168,30.048000000000002,41.376,30.048000000000002,33.38399999999999,30.048000000000002,32.52,20.928,42.168,20.928,51.936,38.736,12.048000000000002,12.144000000000002,55.68000000000001,13.152000000000001,74.376,13.152000000000001,39.455999999999996,13.152000000000001,29.424000000000003,11.975999999999994,39.455999999999996,25.536000000000005,12.048000000000002,30.192000000000004,80.76,39.168,29.424000000000003,79.32000000000001,36.720000000000006,79.32000000000001,33.38399999999999,45.72,65.52,61.32000000000001,33.38399999999999,61.32000000000001,42.168,61.32000000000001,41.376,61.32000000000001,18.192,51.408,45.168,51.408,24.744
20.424,18.911999999999995,0.0,30.456000000000003,10.607999999999999,67.704,25.152,73.536,34.56,73.536,53.016000000000005,87.24,44.904,65.184,36.552,65.184,3.7920000000000043,45.168,0.0,45.168,57.0,45.168,36.528,41.51999999999999,48.14399999999999,10.464000000000008,33.408,10.464000000000008,3.7920000000000043,10.464000000000008,11.784000000000004,30.120000000000005,33.408,35.736000000000004,67.34400000000001,66.504,27.552,82.728,30.768000000000004,39.71999999999999,10.607999999999999,39.71999999999999,36.528,39.71999999999999,14.496000000000002,60.047999999999995,63.384,64.272,36.528,64.272,57.0,11.592,70.008,54.696,24.791999999999994,30.096,3.7920000000000043,30.096,11.784000000000004,30.096,36.552,32.928,24.791999999999994,32.928,34.56,8.255999999999995,36.528,57.312000000000005,67.34400000000001,58.32,57.0,58.32,10.607999999999999,58.32,27.552,47.160000000000004,10.607999999999999,53.952000000000005,36.528,32.976000000000006,63.384,84.336,27.552,61.944,30.768000000000004,61.944,11.784000000000004,80.424,48.14399999999999,43.944,11.784000000000004,43.944,24.791999999999994,43.944,3.7920000000000043,43.944,33.408,76.896,0.0,76.896,20.424
24.744,29.088,45.168,47.83200000000001,39.455999999999996,23.736,20.016,28.368,51.936,28.368,10.823999999999993,42.072,62.28,62.928000000000004,32.52,62.928000000000004,41.376,0.0,45.168,0.0,74.376,0.0,12.048000000000002,24.14399999999999,65.52,34.70399999999999,18.192,34.70399999999999,41.376,34.70399999999999,33.38399999999999,15.047999999999995,18.192,37.800000000000004,55.68000000000001,83.88000000000001,29.424000000000003,45.096000000000004,36.720000000000006,57.096,39.455999999999996,57.096,12.048000000000002,57.096,30.671999999999997,77.424,80.76,19.104000000000003,12.048000000000002,19.104000000000003,74.376,39.336,50.712,72.072,42.168,30.048000000000002,41.376,30.048000000000002,33.38399999999999,30.048000000000002,32.52,20.928,42.168,20.928,51.936,38.736,12.048000000000002,12.144000000000002,55.68000000000001,13.152000000000001,74.376,13.152000000000001,39.455999999999996,13.152000000000001,29.424000000000003,11.975999999999994,39.455999999999996,25.536000000000005,12.048000000000002,30.192000000000004,80.76,39.168,29.424000000000003,79.32000000000001,36.720000000000006,79.32000000000001,33.38399999999999,45.72,65.52,61.32000000000001,33.38399999999999,61.32000000000001,42.168,61.32000000000001,41.376,61.32000000000001,18.192,51.408,45.168,51.408,24.744
68.928,45.288000000000004,57.0,26.543999999999997,67.608,50.64,79.75200000000001,63.57599999999999,22.439999999999994,63.57599999999999,85.2,55.391999999999996,12.095999999999995,33.33599999999999,41.856,33.33599999999999,54.456,74.376,57.0,74.376,0.0,74.376,62.327999999999996,98.51999999999998,8.855999999999998,60.215999999999994,56.184000000000005,60.215999999999994,54.456,60.215999999999994,60.144000000000005,68.39999999999999,56.184000000000005,36.57599999999999,35.495999999999995,13.151999999999994,44.952,50.879999999999995,37.656,17.28,67.608,17.28,62.327999999999996,17.28,51.28799999999999,3.048000000000001,6.384,73.128,62.327999999999996,73.128,0.0,68.592,38.16,3.2159999999999953,32.208000000000006,44.327999999999996,54.456,44.327999999999996,60.144000000000005,44.327999999999996,41.856,53.44799999999999,32.208000000000006,53.44799999999999,22.439999999999994,48.744,62.327999999999996,84.6,35.495999999999995,73.752,0.0,73.752,67.608,73.752,44.952,86.352,67.608,48.83999999999999,62.327999999999996,44.18399999999999,6.384,52.48799999999999,44.952,5.855999999999994,37.656,5.855999999999994,60.144000000000005,48.57599999999999,8.855999999999998,13.055999999999996,60.144000000000005,13.055999999999996,32.208000000000006,13.055999999999996,54.456,13.055999999999996,56.184000000000005,45.047999999999995,57.0,45.047999999999995,68.928
24.744,29.088,45.168,47.83200000000001,39.455999999999996,23.736,20.016,28.368,51.936,28.368,10.823999999999993,42.072,62.28,62.928000000000004,32.52,62.928000000000004,41.376,0.0,45.168,0.0,74.376,0.0,12.048000000000002,24.14399999999999,65.52,34.70399999999999,18.192,34.70399999999999,41.376,34.70399999999999,33.38399999999999,15.047999999999995,18.192,37.800000000000004,55.68000000000001,83.88000000000001,29.424000000000003,45.096000000000004,36.720000000000006,57.096,39.455999999999996,57.096,12.048000000000002,57.096,30.671999999999997,77.424,80.76,19.104000000000003,12.048000000000002,19.104000000000003,74.376,39.336,50.712,72.072,42.168,30.048000000000002,41.376,30.048000000000002,33.38399999999999,30.048000000000002,32.52,20.928,42.168,20.928,51.936,38.736,12.048000000000002,12.144000000000002,55.68000000000001,13.152000000000001,74.376,13.152000000000001,39.455999999999996,13.152000000000001,29.424000000000003,11.975999999999994,39.455999999999996,25.536000000000005,12.048000000000002,30.192000000000004,80.76,39.168,29.424000000000003,79.32000000000001,36.720000000000006,79.32000000000001,33.38399999999999,45.72,65.52,61.32000000000001,33.38399999999999,61.32000000000001,42.168,61.32000000000001,41.376,61.32000000000001,18.192,51.408,45.168,51.408,24.744
16.104000000000003,17.616000000000003,36.528,35.784000000000006,30.816,31.176,17.424,37.008,39.888,37.008,22.871999999999993,50.711999999999996,50.232,50.88,20.471999999999998,50.88,32.736,12.048000000000002,36.528,12.048000000000002,62.327999999999996,12.048000000000002,0.0,36.19199999999999,53.472,26.063999999999993,6.143999999999997,26.063999999999993,32.736,26.063999999999993,24.743999999999996,6.407999999999995,6.143999999999997,25.752,43.632,71.832,17.376,46.199999999999996,24.672,45.047999999999995,30.816,45.047999999999995,0.0,45.047999999999995,22.032,65.376,68.712,27.744,0.0,27.744,62.327999999999996,30.695999999999998,38.663999999999994,60.023999999999994,30.119999999999997,18.0,32.736,18.0,24.743999999999996,18.0,20.471999999999998,8.879999999999997,30.119999999999997,8.879999999999997,39.888,30.096,0.0,22.272,43.632,21.791999999999998,62.327999999999996,21.791999999999998,30.816,21.791999999999998,17.376,24.023999999999994,30.816,17.424000000000003,0.0,18.144000000000002,68.712,47.808,17.376,67.272,24.672,67.272,24.743999999999996,43.895999999999994,53.472,49.272,24.743999999999996,49.272,30.119999999999997,49.272,32.736,49.272,6.143999999999997,40.368,36.528,40.368,16.104000000000003
29.591999999999995,53.232,41.51999999999999,71.976,30.911999999999995,47.879999999999995,18.767999999999997,39.936,76.08,39.936,19.416,53.64,86.424,87.072,56.663999999999994,87.072,44.064,24.14399999999999,41.51999999999999,24.14399999999999,98.51999999999998,24.14399999999999,36.19199999999999,0.0,89.664,38.303999999999995,42.33599999999999,38.303999999999995,44.064,38.303999999999995,38.376,30.12,42.33599999999999,61.943999999999996,79.824,108.024,53.568,69.24,60.864,81.24,30.911999999999995,81.24,36.19199999999999,81.24,47.232,101.568,104.904,30.671999999999997,36.19199999999999,30.671999999999997,98.51999999999998,29.927999999999997,74.856,96.21600000000001,66.312,54.19199999999999,44.064,54.19199999999999,38.376,54.19199999999999,56.663999999999994,45.071999999999996,66.312,45.071999999999996,76.08,49.775999999999996,36.19199999999999,23.711999999999996,79.824,24.767999999999994,98.51999999999998,24.767999999999994,30.911999999999995,24.767999999999994,53.568,13.559999999999999,30.911999999999995,49.67999999999999,36.19199999999999,54.336,104.904,52.22399999999999,53.568,103.464,60.864,103.464,38.376,69.86399999999999,89.664,85.464,38.376,85.464,66.312,85.464,44.064,85.464,42.33599999999999,75.55199999999999,41.51999999999999,75.55199999999999,29.591999999999995
60.072,36.431999999999995,48.14399999999999,17.832,58.75199999999999,41.784,70.896,54.72,13.583999999999998,54.72,76.344,60.45599999999999,3.7200000000000037,38.4,33.0,38.4,45.6,65.52,48.14399999999999,65.52,8.855999999999998,65.52,53.472,89.664,0.0,51.35999999999999,47.327999999999996,51.35999999999999,45.6,51.35999999999999,51.28799999999999,59.54399999999998,47.327999999999996,27.72,40.559999999999995,18.360000000000003,36.096,55.944,28.799999999999997,8.424000000000001,58.75199999999999,8.424000000000001,53.472,8.424000000000001,42.431999999999995,11.904,15.239999999999998,64.27199999999999,53.472,64.27199999999999,8.855999999999998,59.736,43.224,8.279999999999998,23.352,35.472,45.6,35.472,51.28799999999999,35.472,33.0,44.592000000000006,23.352,44.592000000000006,13.583999999999998,39.888,53.472,75.744,40.559999999999995,64.896,8.855999999999998,64.896,58.75199999999999,64.896,36.096,77.496,58.75199999999999,39.984,53.472,35.327999999999996,15.239999999999998,57.55199999999999,36.096,13.800000000000004,28.799999999999997,13.800000000000004,51.28799999999999,53.64,0.0,4.1999999999999975,51.28799999999999,4.1999999999999975,23.352,4.1999999999999975,45.6,4.1999999999999975,47.327999999999996,50.112,48.14399999999999,50.112,60.072
9.959999999999992,14.927999999999997,10.464000000000008,33.672000000000004,7.3919999999999995,57.239999999999995,19.536,63.072,37.775999999999996,63.072,42.55199999999999,76.776,48.12,54.71999999999999,26.087999999999994,54.71999999999999,6.672000000000002,34.70399999999999,10.464000000000008,34.70399999999999,60.215999999999994,34.70399999999999,26.063999999999993,38.303999999999995,51.35999999999999,0.0,22.943999999999992,0.0,6.672000000000002,0.0,1.3199999999999974,19.656,22.943999999999992,25.272,56.879999999999995,69.72,17.087999999999994,72.264,22.56,42.936,7.3919999999999995,42.936,26.063999999999993,42.936,8.928,63.263999999999996,66.6,53.80799999999999,26.063999999999993,53.80799999999999,60.215999999999994,8.376,59.544,57.91199999999999,28.007999999999996,19.631999999999994,6.672000000000002,19.631999999999994,1.3199999999999974,19.631999999999994,26.087999999999994,22.463999999999995,28.007999999999996,22.463999999999995,37.775999999999996,11.471999999999994,26.063999999999993,46.848,56.879999999999995,47.855999999999995,60.215999999999994,47.855999999999995,7.3919999999999995,47.855999999999995,17.087999999999994,36.696,7.3919999999999995,43.48799999999999,26.063999999999993,22.511999999999997,66.6,73.87199999999999,17.087999999999994,65.16,22.56,65.16,1.3199999999999974,69.96,51.35999999999999,47.16,1.3199999999999974,47.16,28.007999999999996,47.16,6.672000000000002,47.16,22.943999999999992,66.432,10.464000000000008,66.432,9.959999999999992
12.984,14.496000000000002,33.408,29.640000000000008,27.695999999999998,34.296,23.567999999999994,40.12800000000001,33.74400000000001,40.12800000000001,29.01599999999999,53.831999999999994,44.08800000000001,44.736,14.328000000000001,44.736,29.615999999999993,18.192,33.408,18.192,56.184000000000005,18.192,6.143999999999997,42.33599999999999,47.327999999999996,22.943999999999992,0.0,22.943999999999992,29.615999999999993,22.943999999999992,21.623999999999995,12.21599999999999,0.0,19.608000000000004,37.488,65.688,11.232000000000003,49.32,18.528000000000006,38.904,27.695999999999998,38.904,6.143999999999997,38.904,18.911999999999995,59.232,62.568,30.864,6.143999999999997,30.864,56.184000000000005,27.575999999999993,36.6,53.88,23.976,11.856000000000003,29.615999999999993,11.856000000000003,21.623999999999995,11.856000000000003,14.328000000000001,2.736000000000001,23.976,2.736000000000001,33.74400000000001,26.976,6.143999999999997,28.415999999999993,37.488,24.912,56.184000000000005,24.912,27.695999999999998,24.912,11.232000000000003,30.167999999999996,27.695999999999998,20.544000000000004,6.143999999999997,12.000000000000004,62.568,50.928000000000004,11.232000000000003,61.128,18.528000000000006,61.128,21.623999999999995,47.016,47.327999999999996,43.12800000000001,21.623999999999995,43.12800000000001,23.976,43.12800000000001,29.615999999999993,43.12800000000001,0.0,43.48800000000001,33.408,43.48800000000001,12.984
9.959999999999992,14.927999999999997,10.464000000000008,33.672000000000004,7.3919999999999995,57.239999999999995,19.536,63.072,37.775999999999996,63.072,42.55199999999999,76.776,48.12,54.71999999999999,26.087999999999994,54.71999999999999,6.672000000000002,34.70399999999999,10.464000000000008,34.70399999999999,60.215999999999994,34.70399999999999,26.063999999999993,38.303999999999995,51.35999999999999,0.0,22.943999999999992,0.0,6.672000000000002,0.0,1.3199999999999974,19.656,22.943999999999992,25.272,56.879999999999995,69.72,17.087999999999994,72.264,22.56,42.936,7.3919999999999995,42.936,26.063999999999993,42.936,8.928,63.263999999999996,66.6,53.80799999999999,26.063999999999993,53.80799999999999,60.215999999999994,8.376,59.544,57.91199999999999,28.007999999999996,19.631999999999994,6.672000000000002,19.631999999999994,1.3199999999999974,19.631999999999994,26.087999999999994,22.463999999999995,28.007999999999996,22.463999999999995,37.775999999999996,11.471999999999994,26.063999999999993,46.848,56.879999999999995,47.855999999999995,60.215999999999994,47.855999999999995,7.3919999999999995,47.855999999999995,17.087999999999994,36.696,7.3919999999999995,43.48799999999999,26.063999999999993,22.511999999999997,66.6,73.87199999999999,17.087999999999994,65.16,22.56,65.16,1.3199999999999974,69.96,51.35999999999999,47.16,1.3199999999999974,47.16,28.007999999999996,47.16,6.672000000000002,47.16,22.943999999999992,66.432,10.464000000000008,66.432,9.959999999999992
16.631999999999994,15.119999999999992,3.7920000000000043,27.912000000000006,13.151999999999996,63.91199999999999,25.295999999999996,69.744,32.016000000000005,69.744,49.224000000000004,83.448,42.36000000000001,61.391999999999996,32.76,61.391999999999996,0.0,41.376,3.7920000000000043,41.376,54.456,41.376,32.736,44.064,45.6,6.672000000000002,29.615999999999993,6.672000000000002,0.0,6.672000000000002,7.992,26.328,29.615999999999993,31.944,63.552,63.96,23.759999999999994,78.93599999999999,26.976,37.176,13.151999999999996,37.176,32.736,37.176,10.703999999999997,57.504,60.84,60.48,32.736,60.48,54.456,14.135999999999996,66.216,52.152,22.247999999999998,26.303999999999995,0.0,26.303999999999995,7.992,26.303999999999995,32.76,29.135999999999996,22.247999999999998,29.135999999999996,32.016000000000005,5.711999999999997,32.736,53.519999999999996,63.552,54.52799999999999,54.456,54.52799999999999,13.151999999999996,54.52799999999999,23.759999999999994,43.368,13.151999999999996,50.16,32.736,29.183999999999997,60.84,80.544,23.759999999999994,59.400000000000006,26.976,59.400000000000006,7.992,76.63199999999999,45.6,41.4,7.992,41.4,22.247999999999998,41.4,0.0,41.4,29.615999999999993,73.104,3.7920000000000043,73.104,16.631999999999994
9.959999999999992,14.927999999999997,10.464000000000008,33.672000000000004,7.3919999999999995,57.239999999999995,19.536,63.072,37.775999999999996,63.072,42.55199999999999,76.776,48.12,54.71999999999999,26.087999999999994,54.71999999999999,6.672000000000002,34.70399999999999,10.464000000000008,34.70399999999999,60.215999999999994,34.70399999999999,26.063999999999993,38.303999999999995,51.35999999999999,0.0,22.943999999999992,0.0,6.672000000000002,0.0,1.3199999999999974,19.656,22.943999999999992,25.272,56.879999999999995,69.72,17.087999999999994,72.264,22.56,42.936,7.3919999999999995,42.936,26.063999999999993,42.936,8.928,63.263999999999996,66.6,53.80799999999999,26.063999999999993,53.80799999999999,60.215999999999994,8.376,59.544,57.91199999999999,28.007999999999996,19.631999999999994,6.672000000000002,19.631999999999994,1.3199999999999974,19.631999999999994,26.087999999999994,22.463999999999995,28.007999999999996,22.463999999999995,37.775999999999996,11.471999999999994,26.063999999999993,46.848,56.879999999999995,47.855999999999995,60.215999999999994,47.855999999999995,7.3919999999999995,47.855999999999995,17.087999999999994,36.696,7.3919999999999995,43.48799999999999,26.063999999999993,22.511999999999997,66.6,73.87199999999999,17.087999999999994,65.16,22.56,65.16,1.3199999999999974,69.96,51.35999999999999,47.16,1.3199999999999974,47.16,28.007999999999996,47.16,6.672000000000002,47.16,22.943999999999992,66.432,10.464000000000008,66.432,9.959999999999992
