0.0,16.242755370958964,42.13751946826931,19.01551675740158,22.6764299101377,11.095124135936322,21.67894417189553,11.095124135936322,39.56287684799723,11.095124135936322,23.39042190159669,11.095124135936322,23.39042190159669,39.82313387764371,31.59065788023609,33.27915619024458,1.0193875712447016,33.27915619024458,9.028151888986596,25.757962905890373,39.56287684799723,26.756622830733374,31.760829167195162,26.756622830733374,17.70030508211652,16.68000880927678,31.760829167195162,11.928275445429689,19.5413533255995,20.666210220985345,9.876562237573003,20.666210220985345,8.948013118872268,20.666210220985345,8.948013118872268,22.859374891019293,21.67894417189553,34.92639958190799,6.673241111991648,47.23001812666281,25.028947159606364,27.788608442735548,1.0193875712447016,31.838974960425656,9.876562237573003,13.52650730972338,30.459996650005845,41.26969377751422,0.0,41.26969377751422,27.795597948346472,27.49022178661989,23.932466207549737,30.37958068257328,31.760829167195162,30.37958068257328,9.876562237573003,30.37958068257328,14.347598533324993,39.82453966066241,25.59429145536248,11.516236630186484,23.39042190159669,2.4156226222366,25.028947159606364,24.561233765461225,8.948013118872268,6.620273130810438,9.028151888986596,6.620273130810438,6.673241111991648,6.620273130810438,21.67894417189553,6.620273130810438,39.56287684799723,20.507909076594757,27.795597948346472,33.54738007958419,42.13751946826931,5.691531840715426,1.0193875712447016,5.691531840715426,23.932466207549737,5.691531840715426,30.459996650005845,34.819573664881105,14.347598533324993,10.929267204742185,31.760829167195162,10.929267204742185,27.795597948346472,27.722947100161765,31.59065788023609,23.461376336264603,14.347598533324993,8.242345614234445,1.0193875712447016,39.55471993817874,0.0,28.582546408318372,0.0
16.242755370958964,0.0,49.975239256811065,35.028629690000486,30.771791482141687,6.825118074780381,22.110890104753576,6.825118074780381,47.67622125828962,6.825118074780381,26.7245266848753,6.825118074780381,26.7245266848753,42.07407927618589,29.548925599446633,28.22031400337317,16.859169853918228,28.22031400337317,7.8574337608485365,26.1640944183951,47.67622125828962,27.555099235487265,39.527250429679675,27.555099235487265,23.226844427102364,31.216728639285304,39.527250429679675,4.390211747020115,33.51104112902224,27.277948932410286,19.689674078209684,27.277948932410286,24.79312939719636,27.277948932410286,24.79312939719636,13.270166017139687,22.110890104753576,37.41437506125807,14.6336152019093,55.20337789132332,41.046719822213134,40.51179238751329,16.859169853918228,38.66030142306768,19.689674078209684,14.34398288126276,29.256509479751262,47.93075413382033,16.242755370958964,47.93075413382033,41.62757680937491,33.09860000738671,15.709911079393446,40.81326915079837,39.527250429679675,40.81326915079837,19.689674078209684,40.81326915079837,18.504926205676988,33.86204232181044,18.108546183997188,6.500195287490225,26.7245266848753,13.839807713657738,41.046719822213134,37.054058688706725,24.79312939719636,22.16121266850655,7.8574337608485365,22.16121266850655,14.6336152019093,22.16121266850655,22.110890104753576,22.16121266850655,47.67622125828962,25.243705539951044,41.62757680937491,46.004338393464664,49.975239256811065,10.728484306285024,16.859169853918228,10.728484306285024,15.709911079393446,10.728484306285024,29.256509479751262,44.982073163899955,18.504926205676988,23.63888115035938,39.527250429679675,23.63888115035938,41.62757680937491,26.970852294085695,29.548925599446633,39.35543403083114,18.504926205676988,24.47628423180116,16.859169853918228,35.862402346201186,16.242755370958964,41.983711127054974,16.242755370958964
42.13751946826931,49.975239256811065,0.0,35.66354612835044,19.755549362451173,49.841688968008235,29.051888273310187,49.841688968008235,2.6167435752812143,49.841688968008235,23.753666440946645,49.841688968008235,23.753666440946645,16.549206775491058,28.09067824175188,33.82486852320707,41.15976795317465,33.82486852320707,47.812851487303476,26.309510967460778,2.6167435752812143,25.04999083465554,10.580698638250189,25.04999083465554,26.81224514649824,29.667040462370323,10.580698638250189,48.051547831257125,26.83031851910697,22.813297948023784,32.688947392546204,22.813297948023784,36.908862051805166,22.813297948023784,36.908862051805166,42.35179894017948,29.051888273310187,17.38162294857792,37.7440908201103,5.2371358428758255,35.9212199238323,19.617301817840413,41.15976795317465,11.341901363114221,32.688947392546204,35.63225230155445,26.820108204137295,3.944235783820149,42.13751946826931,3.944235783820149,23.205844443297693,17.03210797408284,40.27510985049435,13.161517188146568,10.580698638250189,13.161517188146568,32.688947392546204,13.161517188146568,31.555907238307267,36.29586584655366,38.91023012220906,50.10108736446786,23.753666440946645,43.21284162876416,35.9212199238323,20.767324412771764,36.908862051805166,37.22601723504239,47.812851487303476,37.22601723504239,37.7440908201103,37.22601723504239,29.051888273310187,37.22601723504239,2.6167435752812143,24.749447489194743,23.205844443297693,16.889194710204027,0.0,45.34372237899832,41.15976795317465,45.34372237899832,40.27510985049435,45.34372237899832,26.820108204137295,9.630945023247527,31.555907238307267,31.434980125812135,10.580698638250189,31.434980125812135,23.205844443297693,27.15431277054929,28.09067824175188,34.520061957520014,31.555907238307267,40.6024653921208,41.15976795317465,31.035295246225836,42.13751946826931,21.442062039127574,42.13751946826931
19.01551675740158,35.028629690000486,35.66354612835044,0.0,22.195809863805465,30.07106358787668,30.581723233303375,30.07106358787668,33.1656561976453,30.07106358787668,28.611474792396116,30.07106358787668,28.611474792396116,41.1677995823068,39.371963089881866,43.372587223371625,18.259468664733024,43.372587223371625,28.041155759464168,32.99864190155314,33.1656561976453,33.246325192049575,27.868112126037307,33.246325192049575,23.775140506891837,7.744398370593356,27.868112126037307,30.836993421300107,9.380918539943798,23.454899492517157,18.550575545282268,23.454899492517157,10.238175857932855,23.454899492517157,10.238175857932855,38.307228496747726,30.581723233303375,37.09720623179165,21.48560866235436,39.76637406305042,6.022634856293787,16.30149611263347,18.259468664733024,29.307934148991677,18.550575545282268,26.864339461335682,37.74457744538429,36.64277192972548,19.01551675740158,36.64277192972548,13.688203769997713,28.179900783417697,38.36801601674531,22.561159327571833,27.868112126037307,22.561159327571833,18.550575545282268,22.561159327571833,24.357943011574317,49.60420423261541,39.17837137597056,30.496873041446765,28.611474792396116,21.411764837803254,6.022634856293787,14.966509551771425,10.238175857932855,12.90005410524961,28.041155759464168,12.90005410524961,21.48560866235436,12.90005410524961,30.581723233303375,12.90005410524961,33.1656561976453,25.675794048091287,13.688203769997713,21.02771815039009,35.66354612835044,24.705480181943603,18.259468664733024,24.705480181943603,38.36801601674531,24.705480181943603,37.74457744538429,26.20990372094534,24.357943011574317,14.10214399678724,27.868112126037307,14.10214399678724,13.688203769997713,35.391348648838935,39.371963089881866,4.528116245713428,24.357943011574317,11.34833836618689,18.259468664733024,47.27285763932359,19.01551675740158,15.283989221751378,19.01551675740158
22.6764299101377,30.771791482141687,19.755549362451173,22.195809863805465,0.0,30.123985426221143,12.856228538918323,30.123985426221143,17.27328100664995,30.123985426221143,8.253141887815097,30.123985426221143,8.253141887815097,19.25754132694991,18.59747184925073,23.697567945479385,21.738400143900343,23.697567945479385,28.0727044421067,12.929669724462165,17.27328100664995,12.575054022685919,9.196963118999928,12.575054022685919,7.73674824906354,14.503505557946587,9.196963118999928,28.478047399241913,13.213151148204808,3.8532170497719265,12.992759050913785,3.8532170497719265,19.080608384601643,3.8532170497719265,19.080608384601643,25.634235398969793,12.856228538918323,14.94267249271327,17.988543292771602,24.96122445976183,25.532672945759163,13.509463349815196,21.738400143900343,9.178026998861831,12.992759050913785,16.584719792997557,16.868240414870712,18.601137555734244,22.6764299101377,18.601137555734244,16.820908272208154,6.0377181796044885,24.23556839668102,10.549224558018954,9.196963118999928,10.549224558018954,12.992759050913785,10.549224558018954,12.307616357693442,29.146935849034886,23.741192308831035,30.394769152548836,8.253141887815097,23.561109429545553,25.532672945759163,10.823457518420867,19.080608384601643,18.62368472276797,28.0727044421067,18.62368472276797,17.988543292771602,18.62368472276797,12.856228538918323,18.62368472276797,17.27328100664995,6.843092748702661,16.820908272208154,17.43131875302003,19.755549362451173,25.59429145536248,21.738400143900343,25.59429145536248,24.23556839668102,25.59429145536248,16.868240414870712,14.359913591917847,12.307616357693442,12.574025705754686,9.196963118999928,12.574025705754686,16.820908272208154,15.127354868122925,18.59747184925073,23.527458209418167,12.307616357693442,22.74340989995895,21.738400143900343,25.870894527895032,22.6764299101377,16.015594441235155,22.6764299101377
11.095124135936322,6.825118074780381,49.841688968008235,30.07106358787668,30.123985426221143,0.0,24.15706564150877,0.0,47.39060924801409,0.0,27.879514533295676,0.0,27.879514533295676,44.13652881129421,32.923074719406024,32.643529220965064,11.944524832298178,32.643529220965064,2.2081703572257783,28.461324993895897,47.39060924801409,29.7633276612241,39.261098989681265,29.7633276612241,23.262149689211125,27.452957017042664,39.261098989681265,3.2846358478621736,30.1153504826671,27.110115590807407,17.592990255282043,27.110115590807407,20.039831356983186,27.110115590807407,20.039831356983186,18.63163603188109,24.15706564150877,39.28455437248713,12.278415107456683,55.06542424188498,36.06730035783162,37.89801480988961,11.944524832298178,38.78411835706329,17.592990255282043,15.270754762630702,32.30584050310787,48.28564699910781,11.095124135936322,48.28564699910781,38.394374587952335,33.58392472597567,20.72029705877987,39.35701332620634,39.261098989681265,39.35701332620634,17.592990255282043,39.35701332620634,18.64646467558822,38.72579017256841,22.988577820389015,0.4299406698508959,27.879514533295676,8.768165051328978,36.06730035783162,34.516724606355986,20.039831356983186,17.620964323029245,2.2081703572257783,17.620964323029245,12.278415107456683,17.620964323029245,24.15706564150877,17.620964323029245,47.39060924801409,25.742413187863605,38.394374587952335,43.58968797730931,49.841688968008235,5.5059270475607685,11.944524832298178,5.5059270475607685,20.72029705877987,5.5059270475607685,32.30584050310787,43.715176461513046,18.64646467558822,20.61927293399383,39.261098989681265,20.61927293399383,38.394374587952335,29.757042315172033,32.923074719406024,34.540283491504084,18.64646467558822,18.974997943050628,11.944524832298178,39.997573803970674,11.095124135936322,39.00733494603082,11.095124135936322
21.67894417189553,22.110890104753576,29.051888273310187,30.581723233303375,12.856228538918323,24.15706564150877,0.0,24.15706564150877,27.055197999192504,24.15706564150877,5.391312740068462,24.15706564150877,5.391312740068462,20.078625857526468,9.949785763256104,12.843032256870663,21.127915956219184,12.843032256870663,22.658486719288277,4.32503108399824,27.055197999192504,5.606631641845835,19.341861126498006,5.606631641845835,6.91401416231806,23.244854598515396,19.341861126498006,21.470482442798776,23.444322231575796,9.179899959438888,13.401077020378718,9.179899959438888,23.31400840171209,9.179899959438888,23.31400840171209,13.409407602310328,0.0,15.329088794357805,15.048587431166734,34.15134240048408,35.34537050769917,26.169737936660148,21.127915956219184,17.85977214928818,13.401077020378718,9.016882125508024,8.784137837660586,26.467733147347236,21.67894417189553,26.467733147347236,29.096857814786073,12.144319911894982,11.623476595376498,23.13954261978964,19.341861126498006,23.13954261978964,13.401077020378718,23.13954261978964,7.461378107649158,19.25298556227642,10.903072774147997,24.267196301314463,5.391312740068462,21.185478276308004,35.34537050769917,23.151325434794334,23.31400840171209,21.413377470494407,22.658486719288277,21.413377470494407,15.048587431166734,21.413377470494407,0.0,21.413377470494407,27.055197999192504,6.088900574330446,29.096857814786073,30.283821504195256,29.051888273310187,21.55921319226163,21.127915956219184,21.55921319226163,11.623476595376498,21.55921319226163,8.784137837660586,26.410133491150855,7.461378107649158,16.872786929713488,19.341861126498006,16.872786929713488,29.096857814786073,6.04870841332162,9.949785763256104,33.2743254581348,7.461378107649158,26.09619254424144,21.127915956219184,18.03045586710192,21.67894417189553,28.543232944759005,21.67894417189553
11.095124135936322,6.825118074780381,49.841688968008235,30.07106358787668,30.123985426221143,0.0,24.15706564150877,0.0,47.39060924801409,0.0,27.879514533295676,0.0,27.879514533295676,44.13652881129421,32.923074719406024,32.643529220965064,11.944524832298178,32.643529220965064,2.2081703572257783,28.461324993895897,47.39060924801409,29.7633276612241,39.261098989681265,29.7633276612241,23.262149689211125,27.452957017042664,39.261098989681265,3.2846358478621736,30.1153504826671,27.110115590807407,17.592990255282043,27.110115590807407,20.039831356983186,27.110115590807407,20.039831356983186,18.63163603188109,24.15706564150877,39.28455437248713,12.278415107456683,55.06542424188498,36.06730035783162,37.89801480988961,11.944524832298178,38.78411835706329,17.592990255282043,15.270754762630702,32.30584050310787,48.28564699910781,11.095124135936322,48.28564699910781,38.394374587952335,33.58392472597567,20.72029705877987,39.35701332620634,39.261098989681265,39.35701332620634,17.592990255282043,39.35701332620634,18.64646467558822,38.72579017256841,22.988577820389015,0.4299406698508959,27.879514533295676,8.768165051328978,36.06730035783162,34.516724606355986,20.039831356983186,17.620964323029245,2.2081703572257783,17.620964323029245,12.278415107456683,17.620964323029245,24.15706564150877,17.620964323029245,47.39060924801409,25.742413187863605,38.394374587952335,43.58968797730931,49.841688968008235,5.5059270475607685,11.944524832298178,5.5059270475607685,20.72029705877987,5.5059270475607685,32.30584050310787,43.715176461513046,18.64646467558822,20.61927293399383,39.261098989681265,20.61927293399383,38.394374587952335,29.757042315172033,32.923074719406024,34.540283491504084,18.64646467558822,18.974997943050628,11.944524832298178,39.997573803970674,11.095124135936322,39.00733494603082,11.095124135936322
39.56287684799723,47.67622125828962,2.6167435752812143,33.1656561976453,17.27328100664995,47.39060924801409,27.055197999192504,47.39060924801409,0.0,47.39060924801409,21.70288422476306,47.39060924801409,21.70288422476306,16.32518525069127,26.817724872683343,32.615735278467994,38.58191095657685,32.615735278467994,45.34574443953379,24.546620034172545,0.0,23.340955334312415,8.165562329886734,23.340955334312415,24.467998258449956,27.078606662372973,8.165562329886734,45.65782370313025,24.26530100066886,20.441015191051942,30.1615552026897,20.441015191051942,34.29227080166453,20.441015191051942,34.29227080166453,40.424823652638715,27.055197999192504,16.40930547349427,35.25272164916447,7.6980782123374984,33.596238856546464,17.23739646044883,38.58191095657685,9.206288888691297,30.1615552026897,33.33475186097315,25.452495968380155,4.5245777793770605,39.56287684799723,4.5245777793770605,20.931772548946164,14.937489339079109,38.42372098969434,10.620439285276522,8.165562329886734,10.620439285276522,30.1615552026897,10.620439285276522,29.21027160686697,35.50610180386072,37.157909038072,47.65646762111569,21.70288422476306,40.666051428378324,33.596238856546464,18.234907989560988,34.29227080166453,34.614654912246024,45.34574443953379,34.614654912246024,35.25272164916447,34.614654912246024,27.055197999192504,34.614654912246024,0.0,22.505228780196383,20.931772548946164,14.944845538287284,2.6167435752812143,42.83623718683202,38.58191095657685,42.83623718683202,38.42372098969434,42.83623718683202,25.452495968380155,7.371926893455263,29.21027160686697,28.83647689992659,8.165562329886734,28.83647689992659,20.931772548946164,25.56243736582317,26.817724872683343,32.144315395492534,29.21027160686697,37.986405301832676,38.58191095657685,30.386602848180654,39.56287684799723,19.178682042777577,39.56287684799723
11.095124135936322,6.825118074780381,49.841688968008235,30.07106358787668,30.123985426221143,0.0,24.15706564150877,0.0,47.39060924801409,0.0,27.879514533295676,0.0,27.879514533295676,44.13652881129421,32.923074719406024,32.643529220965064,11.944524832298178,32.643529220965064,2.2081703572257783,28.461324993895897,47.39060924801409,29.7633276612241,39.261098989681265,29.7633276612241,23.262149689211125,27.452957017042664,39.261098989681265,3.2846358478621736,30.1153504826671,27.110115590807407,17.592990255282043,27.110115590807407,20.039831356983186,27.110115590807407,20.039831356983186,18.63163603188109,24.15706564150877,39.28455437248713,12.278415107456683,55.06542424188498,36.06730035783162,37.89801480988961,11.944524832298178,38.78411835706329,17.592990255282043,15.270754762630702,32.30584050310787,48.28564699910781,11.095124135936322,48.28564699910781,38.394374587952335,33.58392472597567,20.72029705877987,39.35701332620634,39.261098989681265,39.35701332620634,17.592990255282043,39.35701332620634,18.64646467558822,38.72579017256841,22.988577820389015,0.4299406698508959,27.879514533295676,8.768165051328978,36.06730035783162,34.516724606355986,20.039831356983186,17.620964323029245,2.2081703572257783,17.620964323029245,12.278415107456683,17.620964323029245,24.15706564150877,17.620964323029245,47.39060924801409,25.742413187863605,38.394374587952335,43.58968797730931,49.841688968008235,5.5059270475607685,11.944524832298178,5.5059270475607685,20.72029705877987,5.5059270475607685,32.30584050310787,43.715176461513046,18.64646467558822,20.61927293399383,39.261098989681265,20.61927293399383,38.394374587952335,29.757042315172033,32.923074719406024,34.540283491504084,18.64646467558822,18.974997943050628,11.944524832298178,39.997573803970674,11.095124135936322,39.00733494603082,11.095124135936322
23.39042190159669,26.7245266848753,23.753666440946645,28.611474792396116,8.253141887815097,27.879514533295676,5.391312740068462,27.879514533295676,21.70288422476306,27.879514533295676,0.0,27.879514533295676,0.0,16.556343873240234,10.82594163317436,15.54096206934488,22.656839486349458,15.54096206934488,26.142109591185463,4.722538231389852,21.70288422476306,4.657875490138465,13.950884106282968,4.657875490138465,5.828899150450491,20.93429955740539,13.950884106282968,25.509700435844607,20.461563768117397,5.296005425732469,13.88348130193665,5.296005425732469,22.93333728840339,5.296005425732469,22.93333728840339,18.80036908018086,5.391312740068462,11.637588641456402,17.190217436385264,28.894996389107416,32.75319507704709,21.760411160581295,22.656839486349458,12.497895333019155,13.88348130193665,12.693055790711803,9.156853572430805,21.33035089696733,23.39042190159669,21.33035089696733,25.029804274920252,6.769605541216818,16.977185170885384,18.038228792184213,13.950884106282968,18.038228792184213,13.88348130193665,18.038228792184213,9.444360805285244,21.28646595029483,16.077130417116717,28.050078249372465,0.0,23.43520742256777,32.75319507704709,19.02285628459853,22.93333728840339,21.54739853609872,26.142109591185463,21.54739853609872,17.190217436385264,21.54739853609872,5.391312740068462,21.54739853609872,21.70288422476306,3.1395775095983067,25.029804274920252,25.424521667886225,23.753666440946645,24.482064738856298,22.656839486349458,24.482064738856298,16.977185170885384,24.482064738856298,9.156853572430805,21.11382794786973,9.444360805285244,16.06001194499772,13.950884106282968,16.06001194499772,25.029804274920252,7.029094057224311,10.82594163317436,30.69343238930333,9.444360805285244,26.187149364463757,22.656839486349458,18.664816623579153,23.39042190159669,24.266197199615192,23.39042190159669
11.095124135936322,6.825118074780381,49.841688968008235,30.07106358787668,30.123985426221143,0.0,24.15706564150877,0.0,47.39060924801409,0.0,27.879514533295676,0.0,27.879514533295676,44.13652881129421,32.923074719406024,32.643529220965064,11.944524832298178,32.643529220965064,2.2081703572257783,28.461324993895897,47.39060924801409,29.7633276612241,39.261098989681265,29.7633276612241,23.262149689211125,27.452957017042664,39.261098989681265,3.2846358478621736,30.1153504826671,27.110115590807407,17.592990255282043,27.110115590807407,20.039831356983186,27.110115590807407,20.039831356983186,18.63163603188109,24.15706564150877,39.28455437248713,12.278415107456683,55.06542424188498,36.06730035783162,37.89801480988961,11.944524832298178,38.78411835706329,17.592990255282043,15.270754762630702,32.30584050310787,48.28564699910781,11.095124135936322,48.28564699910781,38.394374587952335,33.58392472597567,20.72029705877987,39.35701332620634,39.261098989681265,39.35701332620634,17.592990255282043,39.35701332620634,18.64646467558822,38.72579017256841,22.988577820389015,0.4299406698508959,27.879514533295676,8.768165051328978,36.06730035783162,34.516724606355986,20.039831356983186,17.620964323029245,2.2081703572257783,17.620964323029245,12.278415107456683,17.620964323029245,24.15706564150877,17.620964323029245,47.39060924801409,25.742413187863605,38.394374587952335,43.58968797730931,49.841688968008235,5.5059270475607685,11.944524832298178,5.5059270475607685,20.72029705877987,5.5059270475607685,32.30584050310787,43.715176461513046,18.64646467558822,20.61927293399383,39.261098989681265,20.61927293399383,38.394374587952335,29.757042315172033,32.923074719406024,34.540283491504084,18.64646467558822,18.974997943050628,11.944524832298178,39.997573803970674,11.095124135936322,39.00733494603082,11.095124135936322
23.39042190159669,26.7245266848753,23.753666440946645,28.611474792396116,8.253141887815097,27.879514533295676,5.391312740068462,27.879514533295676,21.70288422476306,27.879514533295676,0.0,27.879514533295676,0.0,16.556343873240234,10.82594163317436,15.54096206934488,22.656839486349458,15.54096206934488,26.142109591185463,4.722538231389852,21.70288422476306,4.657875490138465,13.950884106282968,4.657875490138465,5.828899150450491,20.93429955740539,13.950884106282968,25.509700435844607,20.461563768117397,5.296005425732469,13.88348130193665,5.296005425732469,22.93333728840339,5.296005425732469,22.93333728840339,18.80036908018086,5.391312740068462,11.637588641456402,17.190217436385264,28.894996389107416,32.75319507704709,21.760411160581295,22.656839486349458,12.497895333019155,13.88348130193665,12.693055790711803,9.156853572430805,21.33035089696733,23.39042190159669,21.33035089696733,25.029804274920252,6.769605541216818,16.977185170885384,18.038228792184213,13.950884106282968,18.038228792184213,13.88348130193665,18.038228792184213,9.444360805285244,21.28646595029483,16.077130417116717,28.050078249372465,0.0,23.43520742256777,32.75319507704709,19.02285628459853,22.93333728840339,21.54739853609872,26.142109591185463,21.54739853609872,17.190217436385264,21.54739853609872,5.391312740068462,21.54739853609872,21.70288422476306,3.1395775095983067,25.029804274920252,25.424521667886225,23.753666440946645,24.482064738856298,22.656839486349458,24.482064738856298,16.977185170885384,24.482064738856298,9.156853572430805,21.11382794786973,9.444360805285244,16.06001194499772,13.950884106282968,16.06001194499772,25.029804274920252,7.029094057224311,10.82594163317436,30.69343238930333,9.444360805285244,26.187149364463757,22.656839486349458,18.664816623579153,23.39042190159669,24.266197199615192,23.39042190159669
39.82313387764371,42.07407927618589,16.549206775491058,41.1677995823068,19.25754132694991,44.13652881129421,20.078625857526468,44.13652881129421,16.32518525069127,44.13652881129421,16.556343873240234,44.13652881129421,16.556343873240234,0.0,14.179174150557452,19.140796477574234,39.03974740634242,19.140796477574234,42.516124384203465,15.912062424847537,16.32518525069127,14.529479111974593,14.666162638216317,14.529479111974593,22.123087949202823,33.618825629915946,14.666162638216317,41.53534221673422,31.865966234866193,19.577172879636727,30.08139651556308,19.577172879636727,38.05557525729003,19.577172879636727,38.05557525729003,31.32319007915212,20.078625857526468,4.918835103508777,33.74091006841543,19.938034619535497,43.70083826777379,28.461789637824165,39.03974740634242,12.554062030649193,30.08139651556308,28.869803163407216,13.612119449900787,12.618039564408553,39.82313387764371,12.618039564408553,32.51100259598154,13.251605986614972,28.813593730624252,21.66577739671673,14.666162638216317,21.66577739671673,30.08139651556308,21.66577739671673,25.986999575533446,20.21276622254724,26.846622863661516,44.27018972129194,16.556343873240234,39.97604017102121,43.70083826777379,27.48683811186283,38.05557525729003,37.18513330318327,42.516124384203465,37.18513330318327,33.74091006841543,37.18513330318327,20.078625857526468,37.18513330318327,16.32518525069127,19.317079256978992,32.51100259598154,28.886019498175575,16.549206775491058,41.011217977524154,39.03974740634242,41.011217977524154,28.813593730624252,41.011217977524154,13.612119449900787,21.40294467628991,25.986999575533446,31.24955248659162,14.666162638216317,31.24955248659162,32.51100259598154,15.324765071275836,14.179174150557452,41.83163454826492,25.986999575533446,41.60862077080878,39.03974740634242,14.767753065793212,39.82313387764371,31.035674009508632,39.82313387764371
31.59065788023609,29.548925599446633,28.09067824175188,39.371963089881866,18.59747184925073,32.923074719406024,9.949785763256104,32.923074719406024,26.817724872683343,32.923074719406024,10.82594163317436,32.923074719406024,10.82594163317436,14.179174150557452,0.0,5.830613087797183,31.06314569402402,5.830613087797183,31.70426250876197,6.420154489844412,26.817724872683343,6.1700236496090275,20.92278515818365,6.1700236496090275,15.834748665707405,31.732910361326766,20.92278515818365,29.93304364812933,31.273387786958246,16.110938862164677,23.22301040444365,16.110938862164677,32.974984210359665,16.110938862164677,32.974984210359665,17.590225486134656,9.949785763256104,10.92371320586922,24.933247044122936,32.55294964534312,43.578360104388445,31.78363845549134,31.06314569402402,18.741918094942974,23.22301040444365,18.494695985385558,1.7317680006753966,24.609752173494478,31.59065788023609,24.609752173494478,35.34145833933597,14.421616428409239,14.983484785807692,26.842063243790957,20.92278515818365,26.842063243790957,23.22301040444365,26.842063243790957,17.406653196700507,10.55003240153647,12.844988540759578,32.961653416028255,10.82594163317436,30.97742746331428,43.578360104388445,29.381841956124767,32.974984210359665,31.223971952488608,31.70426250876197,31.223971952488608,24.933247044122936,31.223971952488608,9.949785763256104,31.223971952488608,26.817724872683343,13.69734668183765,35.34145833933597,34.60959876292431,28.09067824175188,31.045733217632467,31.06314569402402,31.045733217632467,14.983484785807692,31.045733217632467,1.7317680006753966,28.83370476737675,17.406653196700507,26.29015179934595,20.92278515818365,26.29015179934595,35.34145833933597,4.071275185080597,0.0,41.519196641986206,17.406653196700507,35.91891685108422,31.06314569402402,8.137441808312577,31.59065788023609,34.38980627322876,31.59065788023609
33.27915619024458,28.22031400337317,33.82486852320707,43.372587223371625,23.697567945479385,32.643529220965064,12.843032256870663,32.643529220965064,32.615735278467994,32.643529220965064,15.54096206934488,32.643529220965064,15.54096206934488,19.140796477574234,5.830613087797183,0.0,32.90946393253057,0.0,31.776032554394813,10.81911234051734,32.615735278467994,11.152005036159668,26.71926981771464,11.152005036159668,19.602083187919654,35.921882592364106,26.71926981771464,29.45304502465729,35.82238634241591,20.768343256809217,26.055592059115074,20.768343256809217,36.04647612203343,20.768343256809217,36.04647612203343,15.197594868791521,12.843032256870663,16.51470291119092,26.657363343139608,38.175483959083,47.96170717459961,37.106362730696745,32.90946393253057,24.55803289336987,26.055592059115074,19.75715587232295,7.379795915545496,30.2683491995402,33.27915619024458,30.2683491995402,40.518440246386575,20.05292996048208,12.597994009413739,32.48324905836476,26.71926981771464,32.48324905836476,26.055592059115074,32.48324905836476,19.917742680067633,6.564908566750638,10.191367295262143,32.60575484449934,15.54096206934488,32.26564433079917,47.96170717459961,34.51815493922239,36.04647612203343,34.00775181739406,31.776032554394813,34.00775181739406,26.657363343139608,34.00775181739406,12.843032256870663,34.00775181739406,32.615735278467994,17.99040560625443,40.518440246386575,40.209253884636844,33.82486852320707,31.733479905909714,32.90946393253057,31.733479905909714,12.597994009413739,31.733479905909714,7.379795915545496,34.61752440482085,19.917742680067633,29.71047557989729,26.71926981771464,29.71047557989729,40.518440246386575,8.571445714268568,5.830613087797183,45.8901830238144,19.917742680067633,38.64054759404099,32.90946393253057,7.742348955384196,33.27915619024458,39.67165317082365,33.27915619024458
1.0193875712447016,16.859169853918228,41.15976795317465,18.259468664733024,21.738400143900343,11.944524832298178,21.127915956219184,11.944524832298178,38.58191095657685,11.944524832298178,22.656839486349458,11.944524832298178,22.656839486349458,39.03974740634242,31.06314569402402,32.90946393253057,0.0,32.90946393253057,9.836714234884305,25.15259681485417,38.58191095657685,26.11978560402056,30.801631019629262,26.11978560402056,16.926633523798507,15.708863480110033,30.801631019629262,12.59644264651488,18.54936359544225,19.801743893518307,9.018918890819652,19.801743893518307,8.11105368227425,19.801743893518307,8.11105368227425,22.90083609560033,21.127915956219184,34.15209104065195,6.252162401431805,46.24455948144227,24.280483470289884,26.775628272512208,0.0,30.908077010545245,9.018918890819652,13.1965041753102,29.896199198737822,40.32312305689162,1.0193875712447016,40.32312305689162,26.81073802545144,26.620737658250334,23.867542643446445,29.367510578035382,30.801631019629262,29.367510578035382,9.018918890819652,29.367510578035382,13.738115011952425,39.46588420809206,25.456271269350804,12.36095102344806,22.656839486349458,3.181004847015281,24.280483470289884,23.543902889395927,8.11105368227425,5.693932323633856,9.836714234884305,5.693932323633856,6.252162401431805,5.693932323633856,21.127915956219184,5.693932323633856,38.58191095657685,19.736074915271892,26.81073802545144,32.53387760222772,41.15976795317465,6.4785485902889315,0.0,6.4785485902889315,23.867542643446445,6.4785485902889315,29.896199198737822,33.80770060811831,13.738115011952425,9.916368657272615,30.801631019629262,9.916368657272615,26.81073802545144,27.159766762846928,31.06314569402402,22.675406078311507,13.738115011952425,7.7419693745143645,0.0,39.0667623225594,1.0193875712447016,27.584236847318785,1.0193875712447016
33.27915619024458,28.22031400337317,33.82486852320707,43.372587223371625,23.697567945479385,32.643529220965064,12.843032256870663,32.643529220965064,32.615735278467994,32.643529220965064,15.54096206934488,32.643529220965064,15.54096206934488,19.140796477574234,5.830613087797183,0.0,32.90946393253057,0.0,31.776032554394813,10.81911234051734,32.615735278467994,11.152005036159668,26.71926981771464,11.152005036159668,19.602083187919654,35.921882592364106,26.71926981771464,29.45304502465729,35.82238634241591,20.768343256809217,26.055592059115074,20.768343256809217,36.04647612203343,20.768343256809217,36.04647612203343,15.197594868791521,12.843032256870663,16.51470291119092,26.657363343139608,38.175483959083,47.96170717459961,37.106362730696745,32.90946393253057,24.55803289336987,26.055592059115074,19.75715587232295,7.379795915545496,30.2683491995402,33.27915619024458,30.2683491995402,40.518440246386575,20.05292996048208,12.597994009413739,32.48324905836476,26.71926981771464,32.48324905836476,26.055592059115074,32.48324905836476,19.917742680067633,6.564908566750638,10.191367295262143,32.60575484449934,15.54096206934488,32.26564433079917,47.96170717459961,34.51815493922239,36.04647612203343,34.00775181739406,31.776032554394813,34.00775181739406,26.657363343139608,34.00775181739406,12.843032256870663,34.00775181739406,32.615735278467994,17.99040560625443,40.518440246386575,40.209253884636844,33.82486852320707,31.733479905909714,32.90946393253057,31.733479905909714,12.597994009413739,31.733479905909714,7.379795915545496,34.61752440482085,19.917742680067633,29.71047557989729,26.71926981771464,29.71047557989729,40.518440246386575,8.571445714268568,5.830613087797183,45.8901830238144,19.917742680067633,38.64054759404099,32.90946393253057,7.742348955384196,33.27915619024458,39.67165317082365,33.27915619024458
9.028151888986596,7.8574337608485365,47.812851487303476,28.041155759464168,28.0727044421067,2.2081703572257783,22.658486719288277,2.2081703572257783,45.34574443953379,2.2081703572257783,26.142109591185463,2.2081703572257783,26.142109591185463,42.516124384203465,31.70426250876197,31.776032554394813,9.836714234884305,31.776032554394813,0.0,26.981016455641395,45.34574443953379,28.249982625965398,37.2334530293632,28.249982625965398,21.351172218453037,25.266791951298526,37.2334530293632,3.560765797019583,27.91421494361551,25.139566018367073,15.443468998054724,25.139566018367073,17.94687671082268,25.139566018367073,17.94687671082268,18.33033217241358,22.658486719288277,37.63794611499281,10.152060211140016,53.02955479383786,34.05070313038292,35.691445039106945,9.836714234884305,36.812755996823064,15.443468998054724,13.673962147685158,30.996447459378967,46.32860552397318,9.028151888986596,46.32860552397318,36.19172619395155,31.687962821158163,20.225004528139547,37.203712783779515,37.2334530293632,37.203712783779515,15.443468998054724,37.203712783779515,16.80771251539007,37.99245854274831,22.401155946850196,2.5883443609018184,26.142109591185463,6.656198584164741,34.05070313038292,32.3124440551365,17.94687671082268,15.486794901674479,0.0,15.486794901674479,10.152060211140016,15.486794901674479,22.658486719288277,15.486794901674479,45.34574443953379,23.89336104529491,36.19172619395155,41.385530745685024,47.812851487303476,3.3601749225604447,9.836714234884305,3.3601749225604447,20.225004528139547,3.3601749225604447,30.996447459378967,41.57229100725429,16.80771251539007,18.41249797373113,37.2334530293632,18.41249797373113,36.19172619395155,28.394124715640505,31.70426250876197,32.48905674474507,16.80771251539007,17.057788932487885,9.836714234884305,38.98299283806009,9.028151888986596,36.79994498664921,9.028151888986596
25.757962905890373,26.1640944183951,26.309510967460778,32.99864190155314,12.929669724462165,28.461324993895897,4.32503108399824,28.461324993895897,24.546620034172545,28.461324993895897,4.722538231389852,28.461324993895897,4.722538231389852,15.912062424847537,6.420154489844412,10.81911234051734,25.15259681485417,10.81911234051734,26.981016455641395,0.0,24.546620034172545,1.4094723285321948,17.400304008603896,1.4094723285321948,9.417671621770968,25.398958037442302,17.400304008603896,25.73102312424455,25.094531480067158,9.968272934973363,16.965895201845377,9.968272934973363,26.604477143549214,9.968272934973363,26.604477143549214,16.222659889104218,4.32503108399824,11.294632281192113,19.192781806434095,31.24879073578655,37.33068027502202,26.41060640372055,25.15259681485417,15.566969741692683,16.965895201845377,13.340711971943898,4.920746583474454,23.382461245077497,25.757962905890373,23.382461245077497,29.73617215940676,10.18656498150623,14.005882146222614,22.298646797050083,17.400304008603896,22.298646797050083,16.965895201845377,22.298646797050083,11.415495376630728,16.671752475737062,12.613275804905408,28.56420308636639,4.722538231389852,25.38927171793919,37.33068027502202,23.730383520727525,26.604477143549214,24.92781873607828,26.981016455641395,24.92781873607828,19.192781806434095,24.92781873607828,4.32503108399824,24.92781873607828,24.546620034172545,7.337323095249496,29.73617215940676,29.857842780586214,26.309510967460778,25.863759847891174,25.15259681485417,25.863759847891174,14.005882146222614,25.863759847891174,4.920746583474454,25.003225914318516,11.415495376630728,19.882048923281403,17.400304008603896,19.882048923281403,29.73617215940676,2.3931944325183294,6.420154489844412,35.26429471338755,11.415495376630728,29.62183529983603,25.15259681485417,14.51466591178082,25.757962905890373,28.941336866009436,25.757962905890373
39.56287684799723,47.67622125828962,2.6167435752812143,33.1656561976453,17.27328100664995,47.39060924801409,27.055197999192504,47.39060924801409,0.0,47.39060924801409,21.70288422476306,47.39060924801409,21.70288422476306,16.32518525069127,26.817724872683343,32.615735278467994,38.58191095657685,32.615735278467994,45.34574443953379,24.546620034172545,0.0,23.340955334312415,8.165562329886734,23.340955334312415,24.467998258449956,27.078606662372973,8.165562329886734,45.65782370313025,24.26530100066886,20.441015191051942,30.1615552026897,20.441015191051942,34.29227080166453,20.441015191051942,34.29227080166453,40.424823652638715,27.055197999192504,16.40930547349427,35.25272164916447,7.6980782123374984,33.596238856546464,17.23739646044883,38.58191095657685,9.206288888691297,30.1615552026897,33.33475186097315,25.452495968380155,4.5245777793770605,39.56287684799723,4.5245777793770605,20.931772548946164,14.937489339079109,38.42372098969434,10.620439285276522,8.165562329886734,10.620439285276522,30.1615552026897,10.620439285276522,29.21027160686697,35.50610180386072,37.157909038072,47.65646762111569,21.70288422476306,40.666051428378324,33.596238856546464,18.234907989560988,34.29227080166453,34.614654912246024,45.34574443953379,34.614654912246024,35.25272164916447,34.614654912246024,27.055197999192504,34.614654912246024,0.0,22.505228780196383,20.931772548946164,14.944845538287284,2.6167435752812143,42.83623718683202,38.58191095657685,42.83623718683202,38.42372098969434,42.83623718683202,25.452495968380155,7.371926893455263,29.21027160686697,28.83647689992659,8.165562329886734,28.83647689992659,20.931772548946164,25.56243736582317,26.817724872683343,32.144315395492534,29.21027160686697,37.986405301832676,38.58191095657685,30.386602848180654,39.56287684799723,19.178682042777577,39.56287684799723
