0.0,7.941880721073256,25.23514750081234,21.242206734206675,25.039582705005614,21.253444378716207,35.374637749641586,27.41143393192121,43.769880614180245,37.712992185609416,30.623002158908093,3.668931891503274,5.4849106554217615,3.668931891503274,35.17044631331185,6.334790237011701,7.911182475664763,22.7709417406286,42.445838910502474,22.7709417406286,12.274980028247603,27.184755632072733,42.445838910502474,1.0735863985269374,19.167255240889023,1.0735863985269374,33.812064022614585,1.0735863985269374,5.4849106554217615,33.75724140001335,30.658469948642843,35.92999724521025,5.4849106554217615,35.92999724521025,33.812064022614585,37.54278669269319,30.623002158908093,37.54278669269319,21.618169229061152,37.54278669269319,19.167255240889023,37.50895142142331,33.32765867343611,26.2045716528663,30.469744377808283,43.32820432231087,14.685376316288947,14.081560674172739,5.4849106554217615,14.081560674172739,22.11989961965635,21.14461459877224,34.10562704185876,38.704334830789655,33.32765867343611,38.704334830789655,21.618169229061152,12.435379416185487,10.590484755049637,23.640055941091997,33.32765867343611,36.5023320473906,10.590484755049637,36.5023320473906,10.590484755049637,23.501006491689857,0.0,19.208967293683326,25.039582705005614,19.208967293683326,33.32765867343611,28.71674189921486,10.590484755049637,28.71674189921486,33.32765867343611,38.30132091290676,42.445838910502474,26.837152438744464,43.769880614180245,26.837152438744464,7.911182475664763,23.580609121280396,7.911182475664763,19.827995051318275,35.17044631331185,19.827995051318275,21.618169229061152,6.154500593144858,35.17044631331185,6.154500593144858,12.274980028247603,6.154500593144858,30.658469948642843,25.38515072933427,30.623002158908093,25.38515072933427,35.17044631331185,26.04104389894804,19.167255240889023,25.363203299911724,0.0
7.941880721073256,0.0,27.190198113831162,28.340544260468803,32.863983884104705,26.22128750399848,37.19202811224525,26.03704299960472,46.339666967878365,40.33176577602629,36.18857548893527,7.584237144316125,10.136706384547722,7.584237144316125,39.28242230363112,13.714682137127674,3.138781773301253,25.96590606066001,45.85827074714405,25.96590606066001,9.996931774197481,31.950924102761217,45.85827074714405,7.1244402572827985,16.96060260770019,7.1244402572827985,29.951078478759598,7.1244402572827985,10.136706384547722,33.487705937845185,35.779643967610674,37.4749326829527,10.136706384547722,37.4749326829527,29.951078478759598,33.55552595995151,36.18857548893527,33.55552595995151,27.064966737274883,33.55552595995151,16.96060260770019,33.423498516182065,31.836468884290674,29.709778229548935,29.882325948319895,45.89995758301361,16.21182334984349,21.3139770180633,10.136706384547722,21.3139770180633,26.91341217872681,24.64120391970012,33.89765388305672,39.78477485425903,31.836468884290674,39.78477485425903,27.064966737274883,4.699332127970908,17.845747221048235,18.198295502152764,31.836468884290674,34.476348592113084,17.845747221048235,34.476348592113084,17.845747221048235,18.655729546119584,7.941880721073256,20.270201714611037,32.863983884104705,20.270201714611037,31.836468884290674,30.043755845535063,17.845747221048235,30.043755845535063,31.836468884290674,34.091535845815606,45.85827074714405,22.242135413559147,46.339666967878365,22.242135413559147,3.138781773301253,30.977446436966073,3.138781773301253,26.517096525888068,39.28242230363112,26.517096525888068,27.064966737274883,13.92275482944436,39.28242230363112,13.92275482944436,9.996931774197481,13.92275482944436,35.779643967610674,23.71821309991672,36.18857548893527,23.71821309991672,39.28242230363112,27.962102049388353,16.96060260770019,33.11751987164769,7.941880721073256
25.23514750081234,27.190198113831162,0.0,21.131267866189503,29.918092267020622,10.837879150913057,10.165367375434643,11.115368291014827,19.16060754863094,13.199332079576553,17.0195767231954,21.955074723681744,19.750729048801812,21.955074723681744,14.399397946597967,28.657135450789525,29.829679782363865,4.565603431516755,19.22753128156793,4.565603431516755,17.957419022765595,11.415469632861168,19.22753128156793,25.98550679254315,14.092231468263005,25.98550679254315,22.097541833924442,25.98550679254315,19.750729048801812,11.21666981027136,14.968227574923285,10.699258032638504,19.750729048801812,10.699258032638504,22.097541833924442,24.90163899203817,17.0195767231954,24.90163899203817,12.774408089646125,24.90163899203817,14.092231468263005,25.22028920839533,14.221640308390043,5.893005192945415,9.883938734024971,18.72238603318258,11.026362473080374,20.419280204787647,19.750729048801812,20.419280204787647,10.17600057758951,6.07157310752329,11.342432521739067,13.612982998683606,14.221640308390043,13.612982998683606,12.774408089646125,27.682848148856596,20.623035268201175,23.133699775568164,14.221640308390043,17.922166414236635,20.623035268201175,17.922166414236635,20.623035268201175,21.186109427005732,25.23514750081234,7.068181072487421,29.918092267020622,7.068181072487421,14.221640308390043,3.906503212201261,20.623035268201175,3.906503212201261,14.221640308390043,26.20095464844355,19.22753128156793,21.33555124525203,19.16060754863094,21.33555124525203,29.829679782363865,24.35064261818089,29.829679782363865,18.293958855650814,14.399397946597967,18.293958855650814,12.774408089646125,27.23896968293322,14.399397946597967,27.23896968293322,17.957419022765595,27.23896968293322,14.968227574923285,11.693012041909686,17.0195767231954,11.693012041909686,14.399397946597967,0.8058966359001015,14.092231468263005,29.047426947061897,25.23514750081234
21.242206734206675,28.340544260468803,21.131267866189503,0.0,8.789255035646233,10.319273823525467,27.827609839649455,30.72356803258796,32.38917733075765,27.302818872185103,12.748120629796249,20.787189932891902,18.430365361189637,20.787189932891902,20.891263675498035,19.277293399653555,29.09336806397847,16.56622775531039,28.907981243799036,16.56622775531039,25.372459438516863,13.22035536278686,28.907981243799036,22.308766099853194,27.82156849405489,22.308766099853194,41.18157107151653,22.308766099853194,18.430365361189637,32.31544522360785,14.251942939508998,29.005602836665325,18.430365361189637,29.005602836665325,41.18157107151653,44.53879904541839,12.748120629796249,44.53879904541839,8.493174210109274,44.53879904541839,27.82156849405489,44.75298735895761,35.0955486450045,16.98345893953939,30.82926836230633,32.010098406596626,19.53783394089633,7.163868525098569,18.430365361189637,7.163868525098569,11.104033464632273,15.2249033373829,32.40775417415166,32.410610507508004,35.0955486450045,32.410610507508004,8.493174210109274,31.87749663691825,10.65257198032092,36.70881782518267,35.0955486450045,38.844556785175634,10.65257198032092,38.844556785175634,10.65257198032092,35.43591122126863,21.242206734206675,21.167951131416586,8.789255035646233,21.167951131416586,35.0955486450045,24.73348354282642,10.65257198032092,24.73348354282642,35.0955486450045,45.72654299959572,28.907981243799036,37.400575789521675,32.38917733075765,37.400575789521675,29.09336806397847,3.446098059651626,29.09336806397847,2.957726650448872,20.891263675498035,2.957726650448872,8.493174210109274,17.845722519553473,20.891263675498035,17.845722519553473,25.372459438516863,17.845722519553473,14.251942939508998,30.125468240920238,12.748120629796249,30.125468240920238,20.891263675498035,21.619161568820736,27.82156849405489,7.943416218761913,21.242206734206675
25.039582705005614,32.863983884104705,29.918092267020622,8.789255035646233,0.0,19.107304298383387,36.339319234803774,39.30175630909631,40.056346435938444,35.386112807029775,19.43205430966776,25.79022501108606,23.95451608395224,25.79022501108606,28.305847380327045,20.930831862326436,32.82944870144511,25.352576007263668,36.08007421142646,25.352576007263668,32.11761751908196,21.430697037432168,36.08007421142646,26.004680269489324,35.62913048020552,26.004680269489324,49.54417694732404,26.004680269489324,23.95451608395224,41.10462509355404,21.500758410923503,37.5575000798096,23.95451608395224,37.5575000798096,49.54417694732404,52.986377918272154,19.43205430966776,52.986377918272154,17.255799380060544,52.986377918272154,35.62913048020552,53.17651560834818,43.82822462146269,25.664466024574338,39.5824265273861,39.70709081794447,27.346376844668328,12.602157249730647,23.95451608395224,12.602157249730647,19.87546287485642,23.982605941704957,41.19580164858292,40.95908959447418,43.82822462146269,40.95908959447418,17.255799380060544,37.0072041524846,15.547749230112023,44.01877818219244,43.82822462146269,47.579412457447575,15.547749230112023,47.579412457447575,15.547749230112023,42.94808522495264,25.039582705005614,29.548040440569842,0.0,29.548040440569842,43.82822462146269,33.51802098293163,15.547749230112023,33.51802098293163,43.82822462146269,54.141303558562456,36.08007421142646,45.22472865184105,40.056346435938444,45.22472865184105,32.82944870144511,5.816710621045162,32.82944870144511,11.65174665018082,28.305847380327045,11.65174665018082,17.255799380060544,19.912961628455133,28.305847380327045,19.912961628455133,32.11761751908196,19.912961628455133,21.500758410923503,38.556393260061164,19.43205430966776,38.556393260061164,28.305847380327045,30.408403779352888,35.62913048020552,1.344594620648748,25.039582705005614
21.253444378716207,26.22128750399848,10.837879150913057,10.319273823525467,19.107304298383387,0.0,18.076035324739344,20.965966591169618,24.207541412222966,18.496030682835933,10.124130801693344,19.09349541982658,16.418642465446506,19.09349541982658,14.119138552666298,22.355528011054922,28.018561777536554,6.287503641415751,21.84062569186709,6.287503641415751,19.856883040437957,5.9330385923888525,21.84062569186709,22.25655895071227,19.911899016642778,22.25655895071227,31.76556163713226,22.25655895071227,16.418642465446506,21.998641145418457,9.564823307200149,19.150904065620825,16.418642465446506,19.150904065620825,31.76556163713226,34.93045078204308,10.124130801693344,34.93045078204308,2.004541781829962,34.93045078204308,19.911899016642778,35.18887857704766,24.93909249940498,7.036114419368762,20.631583476182673,23.78702853511998,12.414849567993901,11.20583084371521,16.418642465446506,11.20583084371521,1.0314246141594052,5.165464595735404,22.088603026752722,22.526660123651943,24.93909249940498,22.526660123651943,2.004541781829962,28.488199920210423,12.84141895649879,29.36801592180979,24.93909249940498,28.674322723884327,12.84141895649879,28.674322723884327,12.84141895649879,27.770211613547787,21.253444378716207,12.243996946442358,19.107304298383387,12.243996946442358,24.93909249940498,14.41631728568821,12.84141895649879,14.41631728568821,24.93909249940498,36.172013536231375,21.84062569186709,29.084780787714173,24.207541412222966,29.084780787714173,28.018561777536554,13.513106562874126,28.018561777536554,7.564740981847889,14.119138552666298,7.564740981847889,2.004541781829962,20.793692136151797,14.119138552666298,20.793692136151797,19.856883040437957,20.793692136151797,9.564823307200149,20.725402337248276,10.124130801693344,20.725402337248276,14.119138552666298,11.304112309334196,19.911899016642778,18.213630240306628,21.253444378716207
35.374637749641586,37.19202811224525,10.165367375434643,27.827609839649455,36.339319234803774,18.076035324739344,0.0,15.79761490651971,9.669741570528982,4.8172648688157595,18.954171152588888,32.11969451147075,29.890226919615753,32.11969451147075,11.498577019326683,38.52268539180411,39.90896170648637,13.18267880243478,11.617052912307274,13.18267880243478,27.645773932493377,15.012102872451322,11.617052912307274,36.14000937397527,22.53875682427213,36.14000937397527,24.945454945720662,36.14000937397527,29.890226919615753,9.603076037799301,16.43444863817513,1.3481960736707486,29.890226919615753,1.3481960736707486,24.945454945720662,26.544589209978938,18.954171152588888,26.544589209978938,19.525924995727486,26.544589209978938,22.53875682427213,26.993310735991535,14.803370824075913,11.040119786395397,11.782519047387142,9.264647751489726,21.141091045928658,29.053643278513313,29.890226919615753,29.053643278513313,17.100513418715636,14.970976001883765,9.292076941004687,4.641410763717322,14.803370824075913,4.641410763717322,19.525924995727486,37.31138032880606,29.924618763875095,30.305027265307324,14.803370824075913,17.385604178545567,29.924618763875095,17.385604178545567,29.924618763875095,28.24514493226929,35.374637749641586,16.92222304110962,36.339319234803774,16.92222304110962,14.803370824075913,7.250313997422766,29.924618763875095,7.250313997422766,14.803370824075913,27.872082148007994,11.617052912307274,27.242200756194727,9.669741570528982,27.242200756194727,39.90896170648637,30.52470929511075,39.90896170648637,25.40990711497853,11.498577019326683,25.40990711497853,19.525924995727486,37.0567551472173,11.498577019326683,37.0567551472173,27.645773932493377,37.0567551472173,16.43444863817513,17.648694233944486,18.954171152588888,17.648694233944486,11.498577019326683,9.362652685330287,22.53875682427213,35.245351582347205,35.374637749641586
27.41143393192121,26.03704299960472,11.115368291014827,30.72356803258796,39.30175630909631,20.965966591169618,15.79761490651971,0.0,25.27682749403622,20.46350260281729,28.13491751673477,23.7428818978726,22.540217118632686,23.7428818978726,24.55504104692815,32.56443533948641,29.128620051805555,14.97693246704574,27.27373080157415,14.97693246704574,16.12569808645536,22.51900748166276,27.27373080157415,27.78922181313453,9.109182628714022,27.78922181313453,10.99381198860597,27.78922181313453,22.540217118632686,8.123941940527466,26.058411623246155,15.286738550462754,22.540217118632686,15.286738550462754,10.99381198860597,13.97499341024269,28.13491751673477,13.97499341024269,22.970110836405087,13.97499341024269,9.109182628714022,14.25070567533054,5.926298359422853,17.006025342777292,4.493031338889691,24.903338355017578,13.679205132653887,28.063501170723217,22.540217118632686,28.063501170723217,20.55851737686095,15.80123270830604,8.583488658524598,16.103795977904067,5.926298359422853,16.103795977904067,22.970110836405087,24.594719194268063,27.009331720722,14.723868169660822,5.926298359422853,9.206017552865815,27.009331720722,9.206017552865815,27.009331720722,12.668478638747754,27.41143393192121,9.994418033919464,39.30175630909631,9.994418033919464,5.926298359422853,9.901465568700583,27.009331720722,9.901465568700583,5.926298359422853,15.235178411311427,27.27373080157415,11.447963547625193,25.27682749403622,11.447963547625193,29.128620051805555,34.12393259151418,29.128620051805555,27.769153345952418,24.55504104692815,27.769153345952418,22.970110836405087,31.458165806644967,24.55504104692815,31.458165806644967,16.12569808645536,31.458165806644967,26.058411623246155,2.3990202081649246,28.13491751673477,2.3990202081649246,24.55504104692815,11.156773727202676,9.109182628714022,38.61875192183196,27.41143393192121
43.769880614180245,46.339666967878365,19.16060754863094,32.38917733075765,40.056346435938444,24.207541412222966,9.669741570528982,25.27682749403622,0.0,6.0629029215990835,20.774179420912027,40.74443154641891,38.341501359892156,40.74443154641891,11.775346088765462,46.16704151717954,48.92700268600902,21.003743106641636,5.186613853498845,21.003743106641636,37.04071229535062,19.289546285964512,5.186613853498845,44.61915247230654,32.190036232552785,44.61915247230654,33.53150306740191,44.61915247230654,38.341501359892156,18.16219172245644,18.563878025534933,9.99462386097891,38.341501359892156,9.99462386097891,33.53150306740191,34.54538806750756,20.774179420912027,34.54538806750756,25.07695909696828,34.54538806750756,32.190036232552785,35.03190149633587,23.299085381015207,17.77419179252747,21.028444875395586,0.44240529944790763,30.139473337489232,35.37330435829384,38.341501359892156,35.37330435829384,23.17689560307675,22.672852777302296,17.751393391701363,9.984768808703851,23.299085381015207,9.984768808703851,25.07695909696828,46.7535625184142,36.94633725736144,39.90580255490447,23.299085381015207,25.06885994167884,36.94633725736144,25.06885994167884,36.94633725736144,37.84366768263178,43.769880614180245,26.18370392095832,40.056346435938444,26.18370392095832,23.299085381015207,16.820672412485873,36.94633725736144,16.820672412485873,23.299085381015207,35.82010973216706,5.186613853498845,36.660752522421085,0.0,36.660752522421085,48.92700268600902,34.388639794833054,48.92700268600902,30.55975745175678,11.775346088765462,30.55975745175678,25.07695909696828,44.63685308196831,11.775346088765462,44.63685308196831,37.04071229535062,44.63685308196831,18.563878025534933,27.237707356545563,20.774179420912027,27.237707356545563,11.775346088765462,18.402871115837396,32.190036232552785,38.80837696231291,43.769880614180245
37.712992185609416,40.33176577602629,13.199332079576553,27.302818872185103,35.386112807029775,18.496030682835933,4.8172648688157595,20.46350260281729,6.0629029215990835,0.0,16.72771328773705,34.68174559550053,32.28036871043502,34.68174559550053,8.116106435568065,40.20685290355567,42.89110311627123,14.95456629465477,6.8270769434536716,14.95456629465477,31.14321677380819,14.083063210386978,6.8270769434536716,38.558710284130484,26.623673982501565,38.558710284130484,29.761782369272144,38.558710284130484,32.28036871043502,14.387463931052855,14.284485661452598,5.791597009320255,32.28036871043502,5.791597009320255,29.761782369272144,31.314224191806087,16.72771328773705,31.314224191806087,19.549382369282366,31.314224191806087,26.623673982501565,31.768563591277793,19.603342488838322,11.827950294250702,16.566822019830315,5.620557020837862,24.121797069819465,29.70173031446938,32.28036871043502,29.70173031446938,17.466451574725898,16.640761364057543,14.058250827415568,7.797644856373137,19.603342488838322,7.797644856373137,19.549382369282366,40.867913465460994,31.095961546313305,34.78958605616318,19.603342488838322,22.06840423107485,31.095961546313305,22.06840423107485,31.095961546313305,32.738499336034174,37.712992185609416,20.25847668387286,35.386112807029775,20.25847668387286,19.603342488838322,11.246824858054609,31.095961546313305,11.246824858054609,19.603342488838322,32.63708720496499,6.8270769434536716,31.90703434693244,6.0629029215990835,31.90703434693244,42.89110311627123,29.609292529231976,42.89110311627123,25.233656824461526,8.116106435568065,25.233656824461526,19.549382369282366,38.68626714101688,8.116106435568065,38.68626714101688,31.14321677380819,38.68626714101688,14.284485661452598,22.196829337837,16.72771328773705,22.196829337837,8.116106435568065,12.464283667621608,26.623673982501565,34.19772709955312,37.712992185609416
30.623002158908093,36.18857548893527,17.0195767231954,12.748120629796249,19.43205430966776,10.124130801693344,18.954171152588888,28.13491751673477,20.774179420912027,16.72771328773705,0.0,28.872907716404317,26.198868335117382,28.872907716404317,9.010198303555132,30.513269646004765,37.8038287662474,13.706837263026873,16.648079867219103,13.706837263026873,29.922536725378624,5.670244568745494,16.648079867219103,31.670949542095496,29.215975501252665,31.670949542095496,39.11296042834635,31.670949542095496,26.198868335117382,26.40047309409126,2.5199416902874923,20.29355904654258,26.198868335117382,20.29355904654258,39.11296042834635,41.82936181923029,0.0,41.82936181923029,9.129678001340642,41.82936181923029,29.215975501252665,42.16836225786109,30.61950398830451,11.133002235493812,26.3741840380602,20.449962826172488,22.338958373757933,18.073523311683285,26.198868335117382,18.073523311683285,9.659113915502449,13.762597049649473,26.31444206561275,23.497429820371107,30.61950398830451,23.497429820371107,9.129678001340642,38.60035486777766,20.89342988225959,38.73431890745582,30.61950398830451,34.10052127197483,20.89342988225959,34.10052127197483,20.89342988225959,36.98951908918227,30.623002158908093,21.254301653442067,19.43205430966776,21.254301653442067,30.61950398830451,19.17532598238195,20.89342988225959,19.17532598238195,30.61950398830451,43.14375249780478,16.648079867219103,37.81127140017853,20.774179420912027,37.81127140017853,37.8038287662474,13.979293141453677,37.8038287662474,12.003587218929553,9.010198303555132,12.003587218929553,9.129678001340642,28.965651156823238,9.010198303555132,28.965651156823238,29.922536725378624,28.965651156823238,2.5199416902874923,28.56358578072895,0.0,28.56358578072895,9.010198303555132,17.02869127474605,29.215975501252665,18.145963288662006,30.623002158908093
3.668931891503274,7.584237144316125,21.955074723681744,20.787189932891902,25.79022501108606,19.09349541982658,32.11969451147075,23.7428818978726,40.74443154641891,34.68174559550053,28.872907716404317,0.0,2.6791713613864783,0.0,32.67125454385533,9.485578312278454,8.938154856842539,19.830847954947483,39.693859083989196,19.830847954947483,8.823243884936039,24.957580337976086,39.693859083989196,4.141375104370774,15.55321083721746,4.141375104370774,30.304430874250794,4.141375104370774,2.6791713613864783,30.154987403514564,28.641379513008157,32.61536134888539,2.6791713613864783,32.61536134888539,30.304430874250794,34.040694493982535,28.872907716404317,34.040694493982535,19.749382423824017,34.040694493982535,15.55321083721746,34.02298766710411,29.659996559648608,23.407885641468813,26.834568019931428,40.302040460826824,11.184725736285104,13.835007947159239,2.6791713613864783,13.835007947159239,19.871477662463754,18.296633347059636,30.51007194019572,35.30530121493869,29.659996559648608,35.30530121493869,19.749382423824017,11.256214610024927,10.425577652473514,20.608858804516316,29.659996559648608,32.835553155389476,10.425577652473514,32.835553155389476,10.425577652473514,20.29024979478305,3.668931891503274,15.695079171641078,25.79022501108606,15.695079171641078,29.659996559648608,25.323441104789747,10.425577652473514,25.323441104789747,29.659996559648608,34.83388919909308,39.693859083989196,23.520056226505048,40.74443154641891,23.520056226505048,8.938154856842539,23.508983259119287,8.938154856842539,18.933173995688637,32.67125454385533,18.933173995688637,19.749382423824017,8.867895776913715,32.67125454385533,8.867895776913715,8.823243884936039,8.867895776913715,28.641379513008157,21.71889048919471,28.872907716404317,21.71889048919471,32.67125454385533,22.75903301270661,15.55321083721746,25.9265354572555,3.668931891503274
5.4849106554217615,10.136706384547722,19.750729048801812,18.430365361189637,23.95451608395224,16.418642465446506,29.890226919615753,22.540217118632686,38.341501359892156,32.28036871043502,26.198868335117382,2.6791713613864783,0.0,2.6791713613864783,30.054831524385285,10.041822746973411,11.617154100198336,17.365536594775573,37.15752940975401,17.365536594775573,8.985997270129538,22.291647561820284,37.15752940975401,6.280184580674912,14.958604103815766,6.280184580674912,29.924304503196062,6.280184580674912,0.0,28.495585050090455,25.963393382190382,30.44666021696545,0.0,30.44666021696545,29.924304503196062,33.65704778060788,26.198868335117382,33.65704778060788,17.073339044324314,33.65704778060788,14.958604103815766,33.679781375023616,28.402113747151326,20.87828282875656,25.312570725524775,37.899418335959744,9.33871992276877,11.662486170344188,0.0,11.662486170344188,17.204127649005205,15.782474392793535,28.82865920983379,33.23738735772333,28.402113747151326,33.23738735772333,17.073339044324314,13.44919146344523,8.41447149928294,21.164729998711707,28.402113747151326,31.7245697611585,8.41447149928294,31.7245697611585,8.41447149928294,20.588428689882267,5.4849106554217615,13.847290753952189,23.95451608395224,13.847290753952189,28.402113747151326,23.25226835544157,8.41447149928294,23.25226835544157,28.402113747151326,34.53154015253479,37.15752940975401,23.599096489104,38.341501359892156,23.599096489104,11.617154100198336,21.28615531661989,11.617154100198336,16.439794427435114,30.054831524385285,16.439794427435114,17.073339044324314,9.044412865500592,30.054831524385285,9.044412865500592,8.985997270129538,9.044412865500592,25.963393382190382,20.66962278616736,26.198868335117382,20.66962278616736,30.054831524385285,20.556623243705992,14.958604103815766,23.988352275593236,5.4849106554217615
3.668931891503274,7.584237144316125,21.955074723681744,20.787189932891902,25.79022501108606,19.09349541982658,32.11969451147075,23.7428818978726,40.74443154641891,34.68174559550053,28.872907716404317,0.0,2.6791713613864783,0.0,32.67125454385533,9.485578312278454,8.938154856842539,19.830847954947483,39.693859083989196,19.830847954947483,8.823243884936039,24.957580337976086,39.693859083989196,4.141375104370774,15.55321083721746,4.141375104370774,30.304430874250794,4.141375104370774,2.6791713613864783,30.154987403514564,28.641379513008157,32.61536134888539,2.6791713613864783,32.61536134888539,30.304430874250794,34.040694493982535,28.872907716404317,34.040694493982535,19.749382423824017,34.040694493982535,15.55321083721746,34.02298766710411,29.659996559648608,23.407885641468813,26.834568019931428,40.302040460826824,11.184725736285104,13.835007947159239,2.6791713613864783,13.835007947159239,19.871477662463754,18.296633347059636,30.51007194019572,35.30530121493869,29.659996559648608,35.30530121493869,19.749382423824017,11.256214610024927,10.425577652473514,20.608858804516316,29.659996559648608,32.835553155389476,10.425577652473514,32.835553155389476,10.425577652473514,20.29024979478305,3.668931891503274,15.695079171641078,25.79022501108606,15.695079171641078,29.659996559648608,25.323441104789747,10.425577652473514,25.323441104789747,29.659996559648608,34.83388919909308,39.693859083989196,23.520056226505048,40.74443154641891,23.520056226505048,8.938154856842539,23.508983259119287,8.938154856842539,18.933173995688637,32.67125454385533,18.933173995688637,19.749382423824017,8.867895776913715,32.67125454385533,8.867895776913715,8.823243884936039,8.867895776913715,28.641379513008157,21.71889048919471,28.872907716404317,21.71889048919471,32.67125454385533,22.75903301270661,15.55321083721746,25.9265354572555,3.668931891503274
35.17044631331185,39.28242230363112,14.399397946597967,20.891263675498035,28.305847380327045,14.119138552666298,11.498577019326683,24.55504104692815,11.775346088765462,8.116106435568065,9.010198303555132,32.67125454385533,30.054831524385285,32.67125454385533,0.0,36.454216183468,41.438721909216596,13.524888622273307,8.046211429445965,13.524888622273307,31.236454370377135,8.370367558310955,8.046211429445965,36.13542283789508,28.41453264275382,36.13542283789508,35.00563033430538,36.13542283789508,30.054831524385285,20.486173336159773,6.805735876180219,12.816037147389409,30.054831524385285,12.816037147389409,35.00563033430538,37.13866569757075,9.010198303555132,37.13866569757075,14.4216673722534,37.13866569757075,28.41453264275382,37.546575158360966,25.39218841795762,9.736554308168694,21.584388916482187,11.444099451022694,23.566416090422802,24.74358098578296,30.054831524385285,24.74358098578296,13.162008407006983,14.66439920629661,20.27281118812553,15.600800607399501,25.39218841795762,15.600800607399501,14.4216673722534,40.74072765422726,26.85935613980532,37.53163433039126,25.39218841795762,28.431980269422247,26.85935613980532,28.431980269422247,26.85935613980532,35.57529892885724,35.17044631331185,20.811605082800533,28.305847380327045,20.811605082800533,25.39218841795762,14.667955911177431,26.85935613980532,14.667955911177431,25.39218841795762,38.478547216837164,8.046211429445965,35.52993104412109,11.775346088765462,35.52993104412109,41.438721909216596,22.685415615162377,41.438721909216596,19.361026284149045,0.0,19.361026284149045,14.4216673722534,34.88945434497071,0.0,34.88945434497071,31.236454370377135,34.88945434497071,6.805735876180219,25.697234346544466,9.010198303555132,25.697234346544466,0.0,13.980806668502385,28.41453264275382,27.047870488435564,35.17044631331185
6.334790237011701,13.714682137127674,28.657135450789525,19.277293399653555,20.930831862326436,22.355528011054922,38.52268539180411,32.56443533948641,46.16704151717954,40.20685290355567,30.513269646004765,9.485578312278454,10.041822746973411,9.485578312278454,36.454216183468,0.0,12.639727457666226,25.417036227936663,44.1761416816538,25.417036227936663,18.30807382951409,28.13068163019858,44.1761416816538,6.772491779098678,24.874711033087234,6.772491779098678,39.743313954445625,6.772491779098678,10.041822746973411,38.22683404123766,31.06475396289998,39.25132583228032,10.041822746973411,39.25132583228032,39.743313954445625,43.481240993873975,30.513269646004765,43.481240993873975,22.144059690847946,43.481240993873975,24.874711033087234,43.47505970469196,38.40255986365535,28.394957873768032,35.18169143524651,45.732477808780615,19.135145568256526,12.532378310697814,10.041822746973411,12.532378310697814,23.343089350130228,23.65647204017867,38.53443559377264,42.268598852807884,38.40255986365535,42.268598852807884,22.144059690847946,18.387350576537383,9.678201890678592,29.93982209263735,38.40255986365535,41.757755041697926,9.678201890678592,41.757755041697926,9.678201890678592,29.73034565996878,6.334790237011701,23.531017827539884,20.930831862326436,23.531017827539884,38.40255986365535,32.40337850866033,9.678201890678592,32.40337850866033,38.40255986365535,44.296296984405046,44.1761416816538,32.998748770342225,46.16704151717954,32.998748770342225,12.639727457666226,20.82987650232331,12.639727457666226,18.730169921976746,36.454216183468,18.730169921976746,22.144059690847946,1.5668608940248947,36.454216183468,1.5668608940248947,18.30807382951409,1.5668608940248947,31.06475396289998,30.71143694429932,30.513269646004765,30.71143694429932,36.454216183468,29.447746318951236,24.874711033087234,21.52381120943946,6.334790237011701
7.911182475664763,3.138781773301253,29.829679782363865,29.09336806397847,32.82944870144511,28.018561777536554,39.90896170648637,29.128620051805555,48.92700268600902,42.89110311627123,37.8038287662474,8.938154856842539,11.617154100198336,8.938154856842539,41.438721909216596,12.639727457666226,0.0,28.307653829064005,48.237042248649104,28.307653829064005,13.037872619755863,33.85814971378111,48.237042248649104,6.879755572307336,20.070779247249888,6.879755572307336,33.040703654117046,6.879755572307336,11.617154100198336,36.50356784351527,37.57374072190223,40.243619344676034,11.617154100198336,40.243619344676034,33.040703654117046,36.62664804399626,37.8038287662474,36.62664804399626,28.68438528509323,36.62664804399626,20.070779247249888,36.48509899917489,34.94672236536115,31.996714627267213,32.92022267884119,48.48577354992589,18.80465161732542,21.948675567871362,11.617154100198336,21.948675567871362,28.77860429739639,26.889887030067563,36.90799813767488,42.6391794537582,34.94672236536115,42.6391794537582,28.68438528509323,6.94084626964,18.4484623550394,21.12790900149634,34.94672236536115,37.609791603913415,18.4484623550394,37.609791603913415,18.4484623550394,21.68376953448108,7.911182475664763,23.017597527074088,32.82944870144511,23.017597527074088,34.94672236536115,32.820383910003244,18.4484623550394,32.820383910003244,34.94672236536115,37.13815530679784,48.237042248649104,25.281878643706484,48.92700268600902,25.281878643706484,0.0,31.488908834569617,0.0,27.53198896423087,41.438721909216596,27.53198896423087,28.68438528509323,13.189721415572357,41.438721909216596,13.189721415572357,13.037872619755863,13.189721415572357,37.57374072190223,26.821998281946378,37.8038287662474,26.821998281946378,41.438721909216596,30.613807209112924,20.070779247249888,33.207271886176514,7.911182475664763
22.7709417406286,25.96590606066001,4.565603431516755,16.56622775531039,25.352576007263668,6.287503641415751,13.18267880243478,14.97693246704574,21.003743106641636,14.95456629465477,13.706837263026873,19.830847954947483,17.365536594775573,19.830847954947483,13.524888622273307,25.417036227936663,28.307653829064005,0.0,19.92948385008032,0.0,17.720275485028612,8.068296231648453,19.92948385008032,23.633603195450327,15.669706117088422,23.633603195450327,25.921887686364386,23.633603195450327,17.365536594775573,15.771819870922197,12.049233695677962,14.033708689859456,17.365536594775573,14.033708689859456,25.921887686364386,28.939762914561346,13.706837263026873,28.939762914561346,8.248725318966263,28.939762914561346,15.669706117088422,29.224951598221118,18.67058627458535,3.793338952448526,14.352830908989377,20.56252664535213,10.043695555330379,16.169667748659545,17.365536594775573,16.169667748659545,5.688045466106068,1.7896026237744522,15.884686503237086,17.256259201595608,18.67058627458535,17.256259201595608,8.248725318966263,27.22545327671238,16.763891224282975,25.14604135680937,18.67058627458535,22.39865010509812,16.763891224282975,22.39865010509812,16.763891224282975,23.346865891137835,22.7709417406286,7.71104693916197,25.352576007263668,7.71104693916197,18.67058627458535,8.28908108936826,16.763891224282975,8.28908108936826,18.67058627458535,30.209396564915462,19.92948385008032,24.107575234217755,21.003743106641636,24.107575234217755,28.307653829064005,19.79806298502921,28.307653829064005,13.7308400087882,13.524888622273307,13.7308400087882,8.248725318966263,23.928702259770265,13.524888622273307,23.928702259770265,17.720275485028612,23.928702259770265,12.049233695677962,15.050217979301488,13.706837263026873,15.050217979301488,13.524888622273307,5.09336182632626,15.669706117088422,24.48625370300984,22.7709417406286
42.445838910502474,45.85827074714405,19.22753128156793,28.907981243799036,36.08007421142646,21.84062569186709,11.617052912307274,27.27373080157415,5.186613853498845,6.8270769434536716,16.648079867219103,39.693859083989196,37.15752940975401,39.693859083989196,8.046211429445965,44.1761416816538,48.237042248649104,19.92948385008032,0.0,19.92948385008032,37.091573387044804,16.316055945989305,0.0,43.365106258561454,33.08172144670756,43.365106258561454,36.52040592572311,43.365106258561454,37.15752940975401,21.08749818237898,14.704385018609589,12.462868932987151,37.15752940975401,12.462868932987151,36.52040592572311,37.93987337665658,16.648079867219103,37.93987337665658,22.34579155008835,37.93987337665658,33.08172144670756,38.405131034744805,26.316094865682327,16.285984960156657,23.389950746386095,5.0913997113179175,29.729648775700838,32.70656777331127,37.15752940975401,32.70656777331127,20.839968663065473,21.398790734477476,20.73343351464302,13.670716506310793,26.316094865682327,13.670716506310793,22.34579155008835,46.791160860721085,34.674004142373086,41.49271959744066,26.316094865682327,28.57990388581544,34.674004142373086,28.57990388581544,34.674004142373086,39.45025863188287,42.445838910502474,26.245932629492074,36.08007421142646,26.245932629492074,26.316094865682327,17.8566454787875,34.674004142373086,17.8566454787875,26.316094865682327,39.25112742433817,0.0,38.709482464288534,5.186613853498845,38.709482464288534,48.237042248649104,30.566488252359513,48.237042248649104,27.405440246455456,8.046211429445965,27.405440246455456,22.34579155008835,42.61857025537394,8.046211429445965,42.61857025537394,37.091573387044804,42.61857025537394,14.704385018609589,28.95798504660128,16.648079867219103,28.95798504660128,8.046211429445965,18.57331858514536,33.08172144670756,34.79275364386166,42.445838910502474
22.7709417406286,25.96590606066001,4.565603431516755,16.56622775531039,25.352576007263668,6.287503641415751,13.18267880243478,14.97693246704574,21.003743106641636,14.95456629465477,13.706837263026873,19.830847954947483,17.365536594775573,19.830847954947483,13.524888622273307,25.417036227936663,28.307653829064005,0.0,19.92948385008032,0.0,17.720275485028612,8.068296231648453,19.92948385008032,23.633603195450327,15.669706117088422,23.633603195450327,25.921887686364386,23.633603195450327,17.365536594775573,15.771819870922197,12.049233695677962,14.033708689859456,17.365536594775573,14.033708689859456,25.921887686364386,28.939762914561346,13.706837263026873,28.939762914561346,8.248725318966263,28.939762914561346,15.669706117088422,29.224951598221118,18.67058627458535,3.793338952448526,14.352830908989377,20.56252664535213,10.043695555330379,16.169667748659545,17.365536594775573,16.169667748659545,5.688045466106068,1.7896026237744522,15.884686503237086,17.256259201595608,18.67058627458535,17.256259201595608,8.248725318966263,27.22545327671238,16.763891224282975,25.14604135680937,18.67058627458535,22.39865010509812,16.763891224282975,22.39865010509812,16.763891224282975,23.346865891137835,22.7709417406286,7.71104693916197,25.352576007263668,7.71104693916197,18.67058627458535,8.28908108936826,16.763891224282975,8.28908108936826,18.67058627458535,30.209396564915462,19.92948385008032,24.107575234217755,21.003743106641636,24.107575234217755,28.307653829064005,19.79806298502921,28.307653829064005,13.7308400087882,13.524888622273307,13.7308400087882,8.248725318966263,23.928702259770265,13.524888622273307,23.928702259770265,17.720275485028612,23.928702259770265,12.049233695677962,15.050217979301488,13.706837263026873,15.050217979301488,13.524888622273307,5.09336182632626,15.669706117088422,24.48625370300984,22.7709417406286
12.274980028247603,9.996931774197481,17.957419022765595,25.372459438516863,32.11761751908196,19.856883040437957,27.645773932493377,16.12569808645536,37.04071229535062,31.14321677380819,29.922536725378624,8.823243884936039,8.985997270129538,8.823243884936039,31.236454370377135,18.30807382951409,13.037872619755863,17.720275485028612,37.091573387044804,17.720275485028612,0.0,24.897496308845582,37.091573387044804,12.36131952536473,7.196672700573763,12.36131952536473,21.537985807708697,12.36131952536473,8.985997270129538,23.491106784465977,28.95158576602233,27.814252696436487,8.985997270129538,27.814252696436487,21.537985807708697,25.26789687023631,29.922536725378624,25.26789687023631,21.25942384075392,25.26789687023631,7.196672700573763,25.234990285194833,21.99246846963194,21.50061489391237,19.888263383416945,36.607101351892844,7.741627735818868,19.518962836280046,8.985997270129538,19.518962836280046,20.26364755528722,16.786507701613413,23.901963030987513,29.954581128973324,21.99246846963194,29.954581128973324,21.25942384075392,9.725682390412699,16.774230965674573,12.207303267356984,21.99246846963194,24.834030634414148,16.774230965674573,24.834030634414148,16.774230965674573,11.611840543872727,12.274980028247603,10.889290751064754,32.11761751908196,10.889290751064754,21.99246846963194,20.412104452095704,16.774230965674573,20.412104452095704,21.99246846963194,26.03243753630521,37.091573387044804,14.725005803678558,37.04071229535062,14.725005803678558,13.037872619755863,28.60147905409146,13.037872619755863,22.83172443807796,31.236454370377135,22.83172443807796,21.25942384075392,17.623257360658386,31.236454370377135,17.623257360658386,0.0,17.623257360658386,28.95158576602233,13.861142279989856,29.922536725378624,13.861142279989856,31.236454370377135,18.67970545587824,7.196672700573763,31.959849301067408,12.274980028247603
