0.0,13.652862449362935,28.61610678179229,24.002608021561628,39.52358118121073,14.59815699857698,15.44560012642131,31.710324076887392,11.461855817253602,23.80404698914083,26.7829424851577,19.188524631951786,15.284979421587957,16.646597004695423,10.712104920917024,16.646597004695423,22.292735157811535,16.646597004695423,22.19772961363391,20.534423860077155,40.630820914218134,5.911179308422858,28.67115054317472,6.8146037661624845,23.492895669516255,32.01937423702425,23.492895669516255,32.01937423702425,28.67115054317472,32.01937423702425,26.876113057159596,7.758577610014108,18.681782023988948,13.652862449362935,26.681875526893776,14.152754978073622,26.681875526893776,14.152754978073622,26.876113057159596,14.152754978073622,18.681782023988948,14.011514798149962,26.7829424851577,14.011514798149962,22.292735157811535,4.098971498673631,5.4278194967957365,18.53117483637577,17.907000569267733,33.29130940099312,28.67115054317472,33.29130940099312,35.85941939272963,33.29130940099312,10.712104920917024,21.024671222161835,26.817182429729407,18.709486843822933,27.4805133184389,32.328087995880416,22.19772961363391,32.328087995880416,35.85941939272963,14.485876584044307,0.0,14.485876584044307,18.681782023988948,1.8145534110718968,26.817182429729407,32.604867046225486,23.492895669516255,32.018236130336085,10.712104920917024,32.018236130336085,28.67115054317472,30.071679266006264,28.61610678179229,30.071679266006264,26.7829424851577,5.146998332692043,28.61610678179229,35.58670928241357,26.817182429729407,22.886972678083637,35.85941939272963,34.99992536435191,26.817182429729407,30.50564083000027,28.67115054317472,28.018226137968963,26.681875526893776,22.70855992522535,26.7829424851577,1.4962483696477213,26.7829424851577,1.4962483696477213,26.681875526893776,1.4962483696477213,15.284979421587957,1.4962483696477213,0.0
13.652862449362935,0.0,27.475160432949735,14.617319333236031,25.903673996763708,25.108457636779665,7.94054848257232,29.760241934500463,23.84995340773269,15.656610001360253,15.78045393930771,9.848075332525744,28.325587480623398,3.5092647058194695,19.938801061124565,3.5092647058194695,17.897052544928126,3.5092647058194695,18.695887139110763,10.5493081309068,26.987550871481773,19.05215526936948,15.411514380819431,16.161423457210233,9.925699481854249,28.69636967724421,9.925699481854249,28.69636967724421,15.411514380819431,28.69636967724421,16.349693874685187,21.052266153649153,11.623312254047981,0.0,19.850229423441565,0.5294895501079026,19.850229423441565,0.5294895501079026,16.349693874685187,0.5294895501079026,11.623312254047981,15.032497042971226,15.78045393930771,15.032497042971226,17.897052544928126,14.617017758874935,8.392124588090955,10.614363775909837,20.886086375423055,20.058673934236033,15.411514380819431,20.058673934236033,22.206961953037915,20.058673934236033,19.938801061124565,7.514068437923355,17.206800743797046,19.927824870808973,24.1555266841308,19.156857140726505,18.695887139110763,19.156857140726505,22.206961953037915,11.67936956643584,13.652862449362935,11.67936956643584,11.623312254047981,12.946614402607189,17.206800743797046,18.95203139184692,9.925699481854249,19.707673425260904,19.938801061124565,19.707673425260904,15.411514380819431,19.36587531021028,27.475160432949735,19.36587531021028,15.78045393930771,13.473511428134893,27.475160432949735,22.094908454027063,17.206800743797046,15.38386857214069,22.206961953037915,22.331853337092014,17.206800743797046,27.73110829640494,15.411514380819431,17.289827137625743,19.850229423441565,17.969279907891778,15.78045393930771,14.472897119112266,15.78045393930771,14.472897119112266,19.850229423441565,14.472897119112266,28.325587480623398,14.472897119112266,13.652862449362935
28.61610678179229,27.475160432949735,0.0,41.68404774892541,39.202356030822266,23.281066670282144,35.274755961781864,3.272130928970679,27.346081314610803,15.461688267509233,21.199837504190487,37.23397395291739,31.254606844105265,30.039065177443415,21.215253657571527,30.039065177443415,45.18926403111107,30.039065177443415,45.82773422819194,37.72425842172895,42.33429873022101,28.20089099764801,29.195740254009518,22.786623358488914,29.13055202402608,5.287925406247786,29.13055202402608,5.287925406247786,29.195740254009518,5.287925406247786,20.05996317167555,29.230456579340917,39.07419379089175,27.475160432949735,47.28745201813423,27.735733674250977,47.28745201813423,27.735733674250977,20.05996317167555,27.735733674250977,39.07419379089175,40.03579867456379,21.199837504190487,40.03579867456379,45.18926403111107,32.618330141570546,28.4139120854556,38.0891178417036,45.30492607355862,31.363113652174007,29.195740254009518,31.363113652174007,37.88581124745187,31.363113652174007,21.215253657571527,27.90931378444062,43.98305944755715,45.29030278691689,51.408033041777514,40.46702421700404,45.82773422819194,40.46702421700404,37.88581124745187,38.03065101107961,28.61610678179229,38.03065101107961,39.07419379089175,26.819341178047043,43.98305944755715,35.795336601979024,29.13055202402608,26.57767115609704,21.215253657571527,26.57767115609704,29.195740254009518,21.052266153649146,0.0,21.052266153649146,21.199837504190487,33.110686356830605,0.0,40.86615884537608,43.98305944755715,14.661152333807255,37.88581124745187,29.46184914600644,43.98305944755715,3.6252583299930063,29.195740254009518,43.31870765215718,47.28745201813423,45.32085126278712,21.199837504190487,30.081499094212408,21.199837504190487,30.081499094212408,47.28745201813423,30.081499094212408,31.254606844105265,30.081499094212408,28.61610678179229
24.002608021561628,14.617319333236031,41.68404774892541,0.0,24.70116778202841,37.965855766486186,8.58994001071923,43.69154702723002,35.449691861301474,28.01288158497582,25.35131828476598,5.040029154434623,39.15990327477579,11.662397975142683,33.13845093863387,11.662397975142683,8.312659634802909,11.662397975142683,9.738591441543594,4.070697678756887,23.70204434479121,29.899315124229165,19.854033877892164,29.000207177303587,15.193736625763298,42.22147901004793,15.193736625763298,42.22147901004793,19.854033877892164,42.22147901004793,26.39613144197537,31.648193680924443,5.653765225448417,14.617319333236031,6.352116793251055,14.242609254183266,6.352116793251055,14.242609254183266,26.39613144197537,14.242609254183266,5.653765225448417,14.364036724417273,25.35131828476598,14.364036724417273,8.312659634802909,22.38850579732231,19.079684248446252,5.493770869571,18.100657333875127,23.177909961946128,19.854033877892164,23.177909961946128,20.64376567451999,23.177909961946128,33.13845093863387,14.94661520620802,2.824360501936317,15.7725558603337,13.057377928487288,13.303663451263708,9.738591441543594,13.303663451263708,20.64376567451999,10.810294413480255,24.002608021561628,10.810294413480255,5.653765225448417,24.28030191790229,2.824360501936317,18.15889055318218,15.193736625763298,25.930071739356283,33.13845093863387,25.930071739356283,19.854033877892164,28.523705286398293,41.68404774892541,28.523705286398293,25.35131828476598,20.61102617532664,41.68404774892541,17.60003803335408,2.824360501936317,28.188534360405384,20.64376567451999,27.014972719223834,2.824360501936317,41.49203611808523,19.854033877892164,4.533823903028598,6.352116793251055,7.882173117943077,25.35131828476598,23.984370420959475,25.35131828476598,23.984370420959475,6.352116793251055,23.984370420959475,39.15990327477579,23.984370420959475,24.002608021561628
39.52358118121073,25.903673996763708,39.202356030822266,24.70116778202841,0.0,48.88563379804679,28.104594148375416,39.378228730596604,48.87409630669316,24.387351689943284,18.27865935333065,25.479061271273437,53.60492758342735,23.32580387747895,43.71006702332625,23.32580387747895,33.00331708746123,23.32580387747895,34.42332242144288,24.295009313664,3.6488522098023632,44.65256241933092,11.565280906617854,40.75014000226357,16.038505706770888,36.57829399844578,16.038505706770888,36.57829399844578,11.565280906617854,36.57829399844578,19.300938752679723,46.66590837090426,28.38230262048547,25.903673996763708,30.033938354155687,25.422926500242543,30.033938354155687,25.422926500242543,19.300938752679723,25.422926500242543,28.38230262048547,36.907695563889305,18.27865935333065,36.907695563889305,33.00331708746123,40.33938673863274,34.2909638838227,27.321358319237405,41.91384048843288,7.937864823690544,11.565280906617854,7.937864823690544,4.122349241064625,7.937864823690544,43.71006702332625,18.518682017721165,24.20134926243677,39.86774052656957,37.27733896082176,11.726641567344826,34.42332242144288,11.726641567344826,4.122349241064625,32.702928533907745,39.52358118121073,32.702928533907745,28.38230262048547,38.65714285714286,24.20134926243677,7.192179426151657,16.038505706770888,12.65370478942666,43.71006702332625,12.65370478942666,11.565280906617854,18.231853712552613,39.202356030822266,18.231853712552613,18.27865935333065,38.99059855285892,39.202356030822266,7.7142857142857135,24.20134926243677,25.511900704397164,4.122349241064625,10.150540349545691,24.20134926243677,36.929470561035224,11.565280906617854,21.512892385160814,30.033938354155687,32.583178331833764,18.27865935333065,40.37652379129966,18.27865935333065,40.37652379129966,30.033938354155687,40.37652379129966,53.60492758342735,40.37652379129966,39.52358118121073
14.59815699857698,25.108457636779665,23.281066670282144,37.965855766486186,48.88563379804679,0.0,29.40384314739715,26.505074754754073,5.107823531063872,27.21867906045255,32.433941405602255,32.97227035320586,7.999416305236889,28.595950619567354,5.24002492594165,28.595950619567354,36.88891919240347,28.595950619567354,36.78776060882538,34.19211079790667,50.797861115184276,9.636130987495099,37.33420295391454,9.039017465117205,33.47750703907058,28.21364324765808,33.47750703907058,28.21364324765808,37.33420295391454,28.21364324765808,31.968261811761145,9.0956226296174,32.949200231847314,25.108457636779665,41.1787165156656,25.632011235952593,41.1787165156656,25.632011235952593,31.968261811761145,25.632011235952593,32.949200231847314,28.47275819416997,32.433941405602255,28.47275819416997,36.88891919240347,17.9039478031739,18.908726848215036,32.62711330242042,31.611623798591445,41.510245403627614,37.33420295391454,41.510245403627614,45.82963233542245,41.510245403627614,5.24002492594165,31.088778210348583,40.78650316975367,32.83019615524458,42.00957092115547,44.1501564006752,36.78776060882538,44.1501564006752,45.82963233542245,29.04856004720933,14.59815699857698,29.04856004720933,32.949200231847314,13.835347808406983,40.78650316975367,42.737541686294435,33.47750703907058,38.61977921918735,5.24002492594165,38.61977921918735,37.33420295391454,34.78312750722213,23.281066670282144,34.78312750722213,32.433941405602255,19.453041732671558,23.281066670282144,46.6816462644494,40.78650316975367,25.977679587189726,45.82963233542245,41.9092056518296,40.78650316975367,26.451267474743208,37.33420295391454,41.62480932112972,41.1787165156656,37.29958362737458,32.433941405602255,15.266934257821806,32.433941405602255,15.266934257821806,41.1787165156656,15.266934257821806,7.999416305236889,15.266934257821806,14.59815699857698
15.44560012642131,7.94054848257232,35.274755961781864,8.58994001071923,28.104594148375416,29.40384314739715,0.0,37.64606557213149,26.874073690728277,23.40366062418964,22.574441751860952,3.7796015339056663,30.669237395947416,6.756330364924436,24.64382755853266,6.756330364924436,9.963053380016655,6.756330364924436,10.763543912254013,5.189078011770965,28.163669171904605,21.353511970385284,19.783755859754418,20.478145643089654,14.015153315214912,36.63400093478455,14.015153315214912,36.63400093478455,19.783755859754418,36.63400093478455,23.352535849715437,23.140222072206228,3.9105634021773628,7.94054848257232,12.46926932707047,7.804595192734146,12.46926932707047,7.804595192734146,23.352535849715437,7.804595192734146,3.9105634021773628,8.943660392953758,22.574441751860952,8.943660392953758,9.963053380016655,14.169968818827039,10.500234399716014,3.2616510155040803,14.471861508119959,24.109525596531256,19.783755859754418,24.109525596531256,24.02822014351679,24.109525596531256,24.64382755853266,12.407497404260644,11.413963521288569,12.9556682103051,16.21958906346752,18.459474421509604,10.763543912254013,18.459474421509604,24.02822014351679,4.7880463401164,15.44560012642131,4.7880463401164,3.9105634021773628,15.69047234626732,11.413963521288569,20.93142857142857,14.015153315214912,25.212719821874167,24.64382755853266,25.212719821874167,19.783755859754418,26.11413129057186,35.274755961781864,26.11413129057186,22.574441751860952,12.451427260211037,35.274755961781864,22.370804588999107,11.413963521288569,23.228008427547206,24.02822014351679,27.243371184003415,11.413963521288569,35.650392218124644,19.783755859754418,12.60317161249015,12.46926932707047,10.057131493500075,22.574441751860952,15.511444096510923,22.574441751860952,15.511444096510923,12.46926932707047,15.511444096510923,30.669237395947416,15.511444096510923,15.44560012642131
31.710324076887392,29.760241934500463,3.272130928970679,43.69154702723002,39.378228730596604,26.505074754754073,37.64606557213149,0.0,30.612832843333482,16.5452818356294,21.84083425183952,39.397567934882396,34.489119491012026,32.11991409752916,24.48576762787988,32.11991409752916,47.59929685640839,32.11991409752916,48.29673483702979,39.79891045580755,42.64957161782137,31.443724658636786,29.96677834004905,25.995174434451307,30.506527103529297,3.151675939002898,30.506527103529297,3.151675939002898,29.96677834004905,3.151675939002898,20.645609109692163,32.49289630371663,41.38345720952087,29.760241934500463,49.452234467994984,29.98207301106473,49.452234467994984,29.98207301106473,20.645609109692163,29.98207301106473,41.38345720952087,42.79376685491303,21.84083425183952,42.79376685491303,47.59929685640839,35.67949162262516,31.265888042754206,40.35454059878238,48.15665660643607,31.688180761918154,29.96677834004905,31.688180761918154,38.3944358213637,31.688180761918154,24.48576762787988,29.50680640953534,45.88821377287752,48.051156413275436,53.84331008413512,41.56967890279683,48.29673483702979,41.56967890279683,38.3944358213637,40.618038417653295,31.710324076887392,40.618038417653295,41.38345720952087,29.905442819060237,45.88821377287752,36.527792270588506,30.506527103529297,26.73153606525751,24.48576762787988,26.73153606525751,29.96677834004905,21.149624399617547,3.272130928970679,21.149624399617547,21.84083425183952,36.109588302096974,3.272130928970679,41.641831401236175,45.88821377287752,15.948957358282906,38.3944358213637,29.408370320334974,45.88821377287752,2.472378017461021,29.96677834004905,45.06224592897324,49.452234467994984,47.70289171057683,21.84083425183952,33.18515773470952,21.84083425183952,33.18515773470952,49.452234467994984,33.18515773470952,34.489119491012026,33.18515773470952,31.710324076887392
11.461855817253602,23.84995340773269,27.346081314610803,35.449691861301474,48.87409630669316,5.107823531063872,26.874073690728277,30.612832843333482,0.0,28.925623976830295,33.558980792579725,30.588593312153574,4.85962961551598,27.20191709930664,6.539073141586689,27.20191709930664,33.43307222448076,27.20191709930664,33.182500920619866,31.904809950212577,50.4577773783109,5.668585829474796,37.47254864618654,8.156289672669171,33.026972279625994,32.019599100092,33.026972279625994,32.019599100092,37.47254864618654,32.019599100092,33.26955585725147,4.428202749630683,30.14073601203094,23.84995340773269,38.03287643336904,24.37876426193041,38.03287643336904,24.37876426193041,33.26955585725147,24.37876426193041,30.14073601203094,24.662066053776115,33.558980792579725,24.662066053776115,33.43307222448076,14.03568745908014,16.52529637882974,29.98785060109292,27.244741113971827,41.87719656133555,37.47254864618654,41.87719656133555,45.53744366463936,41.87719656133555,6.539073141586689,30.55951703860277,38.26799120701801,28.66438478499129,38.18733714685205,42.98954177519011,33.182500920619866,42.98954177519011,45.53744366463936,25.80114473018116,11.461855817253602,25.80114473018116,30.14073601203094,11.282618020111958,38.26799120701801,42.347454926778184,33.026972279625994,39.53751656751509,6.539073141586689,39.53751656751509,37.47254864618654,36.27385227934405,27.346081314610803,36.27385227934405,33.558980792579725,15.737292249524335,27.346081314610803,45.89245636289702,38.26799120701801,27.74231277971155,45.53744366463936,42.765082838737506,38.26799120701801,30.28025503356864,37.47254864618654,39.397079348912264,38.03287643336904,33.887404920484805,33.558980792579725,11.71369057721671,33.558980792579725,11.71369057721671,38.03287643336904,11.71369057721671,4.85962961551598,11.71369057721671,11.461855817253602
23.80404698914083,15.656610001360253,15.461688267509233,28.01288158497582,24.387351689943284,27.21867906045255,23.40366062418964,16.5452818356294,28.925623976830295,0.0,6.117718662430715,24.26964846747257,33.74823859349204,16.999647535361742,22.63330469977049,16.999647535361742,33.17457792358726,16.999647535361742,34.11385929381733,24.379969697458186,27.268164887401767,26.652181439991065,13.784530815226116,21.25112818133644,14.007602600453973,14.514908873011803,14.007602600453973,14.514908873011803,13.784530815226116,14.514908873011803,5.208551837593435,28.439483332945734,26.725912214056777,15.656610001360253,34.11179172506008,15.676531269801403,34.11179172506008,15.676531269801403,5.208551837593435,15.676531269801403,26.725912214056777,30.4815667281733,6.117718662430715,30.4815667281733,33.17457792358726,26.81268356580519,20.712807040819065,25.560730084427934,36.29283349733534,16.44951608989871,13.784530815226116,16.44951608989871,22.629220769904144,16.44951608989871,22.63330469977049,13.259354495323407,29.950239547950055,35.51928019127249,39.387772680550164,25.06086370809909,34.11385929381733,25.06086370809909,22.629220769904144,27.33047816513084,23.80404698914083,27.33047816513084,26.725912214056777,22.17173269305412,29.950239547950055,20.379050467555732,14.007602600453973,12.241608537763193,22.63330469977049,12.241608537763193,13.784530815226116,7.609671611890771,15.461688267509233,7.609671611890771,6.117718662430715,26.44728974193533,15.461688267509233,25.423001637196535,29.950239547950055,1.26067037560116,22.629220769904144,15.48388181039778,29.950239547950055,14.132640465624682,13.784530815226116,28.85073592242156,34.11179172506008,33.158810446155655,6.117718662430715,25.208867244584827,6.117718662430715,25.208867244584827,34.11179172506008,25.208867244584827,33.74823859349204,25.208867244584827,23.80404698914083
26.7829424851577,15.78045393930771,21.199837504190487,25.35131828476598,18.27865935333065,32.433941405602255,22.574441751860952,21.84083425183952,33.558980792579725,6.117718662430715,0.0,22.47095758293085,38.418554190943325,15.8186126484736,27.56763852558922,15.8186126484736,31.682829187213105,15.8186126484736,32.80070133645415,22.222915916610376,21.220925367886007,30.550904191836537,8.142135306351696,25.549828387138824,10.24352777242732,19.3920800159998,10.24352777242732,19.3920800159998,8.142135306351696,19.3920800159998,1.2252046892712425,32.46216711616079,25.292756404366294,15.78045393930771,31.674716628083473,15.596354362085874,31.674716628083473,15.596354362085874,1.2252046892712425,15.596354362085874,25.292756404366294,30.715871852732253,0.0,30.715871852732253,31.682829187213105,29.15306543898593,22.723107720771733,24.0528031375869,36.55838785352794,10.342074161365485,8.142135306351696,10.342074161365485,16.68768872858194,10.342074161365485,27.56763852558922,10.573933294007603,26.849923041732144,35.38850453270418,37.68388385027234,20.003958791872638,32.80070133645415,20.003958791872638,16.68768872858194,27.047343526430367,26.7829424851577,27.047343526430367,25.292756404366294,25.35882891778784,26.849923041732144,14.687027178668211,10.24352777242732,6.275784364344835,27.56763852558922,6.275784364344835,8.142135306351696,3.5879389797555037,21.199837504190487,3.5879389797555037,0.0,28.434300643082896,21.199837504190487,19.801951666336283,26.849923041732144,7.281053971697747,16.68768872858194,9.574558123762477,26.849923041732144,19.370912761779962,8.142135306351696,25.30302555112365,31.674716628083473,31.559050191341182,0.0,28.051104965685724,0.0,28.051104965685724,31.674716628083473,28.051104965685724,38.418554190943325,28.051104965685724,26.7829424851577
19.188524631951786,9.848075332525744,37.23397395291739,5.040029154434623,25.479061271273437,32.97227035320586,3.7796015339056663,39.397567934882396,30.588593312153574,24.26964846747257,22.47095758293085,0.0,34.434406144590504,7.331132384619466,28.112597510289046,7.331132384619466,9.222825278755366,7.331132384619466,10.400007849290601,1.4449913494550726,25.1920978864081,25.09953735649731,18.364641270103583,23.985914233830094,12.909072272583163,38.121227896364125,12.909072272583163,38.121227896364125,18.364641270103583,38.121227896364125,23.393864187702142,26.902627138232717,3.0653135139452736,9.848075332525744,10.058183387730832,9.531258991297198,10.058183387730832,9.531258991297198,23.393864187702142,9.531258991297198,3.0653135139452736,11.541879732309727,22.47095758293085,11.541879732309727,9.222825278755366,17.931993981798716,14.127804977043949,1.8724206748680887,16.454374767203763,22.35602096683101,18.364641270103583,22.35602096683101,21.359986241683252,22.35602096683101,28.112597510289046,11.910252143529496,7.835185943901405,14.518249177627222,15.246198321722897,15.16461832620893,10.400007849290601,15.16461832620893,21.359986241683252,7.412853701510642,19.188524631951786,7.412853701510642,3.0653135139452736,19.358536797464204,7.835185943901405,18.421489669205716,12.909072272583163,24.17689907700307,28.112597510289046,24.17689907700307,18.364641270103583,25.876318067582446,37.23397395291739,25.876318067582446,22.47095758293085,16.19950112610552,37.23397395291739,19.243573006092607,7.835185943901405,24.287272555049594,21.359986241683252,25.824813885968233,7.835185943901405,37.278474173907576,18.364641270103583,8.833829224946006,10.058183387730832,9.088188342400194,22.47095758293085,19.28577523799892,22.47095758293085,19.28577523799892,10.058183387730832,19.28577523799892,34.434406144590504,19.28577523799892,19.188524631951786
15.284979421587957,28.325587480623398,31.254606844105265,39.15990327477579,53.60492758342735,7.999416305236889,30.669237395947416,34.489119491012026,4.85962961551598,33.74823859349204,38.418554190943325,34.434406144590504,0.0,31.59414153908659,11.20184387154405,31.59414153908659,36.36434405248288,31.59414153908659,35.95615697609793,35.79831258136994,55.10833471537715,9.410429299019079,42.24928353456037,12.976701256875879,37.69268342362307,36.12560130140058,37.69268342362307,36.12560130140058,42.24928353456037,36.12560130140058,38.12566032884157,7.533988292520551,33.69227417043127,28.325587480623398,41.217450237510235,28.85108224900368,41.217450237510235,28.85108224900368,38.12566032884157,28.85108224900368,33.69227417043127,27.339589594280184,38.418554190943325,27.339589594280184,36.36434405248288,17.022373752308027,20.616956761909574,33.666843132830444,29.055600464752864,46.681891782661964,42.24928353456037,46.681891782661964,50.209365416326506,46.681891782661964,11.20184387154405,35.215083966611665,41.953741289225505,30.778461591820726,40.64730851847288,47.38609457619053,35.95615697609793,47.38609457619053,50.209365416326506,29.049622288457392,15.284979421587957,29.049622288457392,33.69227417043127,15.480379682102141,41.953741289225505,47.00111574880593,37.69268342362307,44.39231483406255,11.20184387154405,44.39231483406255,42.24928353456037,41.12225555633854,31.254606844105265,41.12225555633854,38.418554190943325,18.80986280586624,31.254606844105265,50.41728566550911,41.953741289225505,32.55621298741045,50.209365416326506,47.61569214844524,41.953741289225505,34.3680468589351,42.24928353456037,43.26812655419927,41.217450237510235,36.85813553480481,38.418554190943325,15.175650744208765,38.418554190943325,15.175650744208765,41.217450237510235,15.175650744208765,0.0,15.175650744208765,15.284979421587957
16.646597004695423,3.5092647058194695,30.039065177443415,11.662397975142683,23.32580387747895,28.595950619567354,6.756330364924436,32.11991409752916,27.20191709930664,16.999647535361742,15.8186126484736,7.331132384619466,31.59414153908659,0.0,23.43834848260083,0.0,16.200226755782634,0.0,17.197293569700115,7.687668365503234,24.100570913722088,22.246759360428573,13.64796463856462,19.62257425538666,7.846954433253136,30.795557591102952,7.846954433253136,30.795557591102952,13.64796463856462,30.795557591102952,16.608765819314097,24.22632671542363,9.74144271257851,3.5092647058194695,17.348546019179583,3.0023500999132304,17.348546019179583,3.0023500999132304,16.608765819314097,3.0023500999132304,9.74144271257851,15.23598854484918,15.8186126484736,15.23598854484918,16.200226755782634,17.03210797408284,11.239819883806328,8.562681250874729,20.98880867976833,18.19434673356602,13.64796463856462,18.19434673356602,19.46373456624669,18.19434673356602,23.43834848260083,5.845940506724583,14.093440940771716,19.64376953725158,22.39258769489291,15.79639638574286,17.197293569700115,15.79639638574286,19.46373456624669,11.33115625348165,16.646597004695423,11.33115625348165,9.74144271257851,16.131865790340278,14.093440940771716,16.213345976543582,7.846954433253136,18.695902857938407,23.43834848260083,18.695902857938407,13.64796463856462,19.35868860459809,30.039065177443415,19.35868860459809,15.8186126484736,15.6652512893724,30.039065177443415,18.94011874195047,14.093440940771716,16.972657964130043,19.46373456624669,20.961922329669626,14.093440940771716,29.973558960101716,13.64796463856462,13.939630774251121,17.348546019179583,16.166259648428518,15.8186126484736,17.3019333589973,15.8186126484736,17.3019333589973,17.348546019179583,17.3019333589973,31.59414153908659,17.3019333589973,16.646597004695423
10.712104920917024,19.938801061124565,21.215253657571527,33.13845093863387,43.71006702332625,5.24002492594165,24.64382755853266,24.48576762787988,6.539073141586689,22.63330469977049,27.56763852558922,28.112597510289046,11.20184387154405,23.43834848260083,0.0,23.43834848260083,32.67317491741005,23.43834848260083,32.703683372403916,29.282860348744645,45.57943682434536,7.465197620304775,32.17353964146974,4.1983203638539806,28.242033805471376,25.691126714037566,28.242033805471376,25.691126714037566,32.17353964146974,25.691126714037566,27.180771714953348,8.101627954319063,28.310752554534492,19.938801061124565,36.69604660906531,20.459035826225424,36.69604660906531,20.459035826225424,27.180771714953348,20.459035826225424,28.310752554534492,24.70104285991478,27.56763852558922,24.70104285991478,32.67317491741005,14.539427044265194,14.24677664940246,27.896169585644195,28.49760118798401,36.4062022076414,32.17353964146974,36.4062022076414,40.61351257994846,36.4062022076414,0.0,25.849660795942878,35.94689961369039,29.409474525001876,38.0920496284718,38.930613314732454,32.703683372403916,38.930613314732454,40.61351257994846,24.752866995356232,10.712104920917024,24.752866995356232,28.310752554534492,9.533802376549561,35.94689961369039,37.510804321106285,28.242033805471376,33.68396942045826,0.0,33.68396942045826,32.17353964146974,30.098336790444417,21.215253657571527,30.098336790444417,27.56763852558922,15.837745665185498,21.215253657571527,41.441746476474755,35.94689961369039,21.422735205231596,40.61351257994846,36.95621899557609,35.94689961369039,23.97315028722503,32.17353964146974,36.65930958967772,36.69604660906531,33.044216759131835,27.56763852558922,11.732028375175299,27.56763852558922,11.732028375175299,36.69604660906531,11.732028375175299,11.20184387154405,11.732028375175299,10.712104920917024
16.646597004695423,3.5092647058194695,30.039065177443415,11.662397975142683,23.32580387747895,28.595950619567354,6.756330364924436,32.11991409752916,27.20191709930664,16.999647535361742,15.8186126484736,7.331132384619466,31.59414153908659,0.0,23.43834848260083,0.0,16.200226755782634,0.0,17.197293569700115,7.687668365503234,24.100570913722088,22.246759360428573,13.64796463856462,19.62257425538666,7.846954433253136,30.795557591102952,7.846954433253136,30.795557591102952,13.64796463856462,30.795557591102952,16.608765819314097,24.22632671542363,9.74144271257851,3.5092647058194695,17.348546019179583,3.0023500999132304,17.348546019179583,3.0023500999132304,16.608765819314097,3.0023500999132304,9.74144271257851,15.23598854484918,15.8186126484736,15.23598854484918,16.200226755782634,17.03210797408284,11.239819883806328,8.562681250874729,20.98880867976833,18.19434673356602,13.64796463856462,18.19434673356602,19.46373456624669,18.19434673356602,23.43834848260083,5.845940506724583,14.093440940771716,19.64376953725158,22.39258769489291,15.79639638574286,17.197293569700115,15.79639638574286,19.46373456624669,11.33115625348165,16.646597004695423,11.33115625348165,9.74144271257851,16.131865790340278,14.093440940771716,16.213345976543582,7.846954433253136,18.695902857938407,23.43834848260083,18.695902857938407,13.64796463856462,19.35868860459809,30.039065177443415,19.35868860459809,15.8186126484736,15.6652512893724,30.039065177443415,18.94011874195047,14.093440940771716,16.972657964130043,19.46373456624669,20.961922329669626,14.093440940771716,29.973558960101716,13.64796463856462,13.939630774251121,17.348546019179583,16.166259648428518,15.8186126484736,17.3019333589973,15.8186126484736,17.3019333589973,17.348546019179583,17.3019333589973,31.59414153908659,17.3019333589973,16.646597004695423
22.292735157811535,17.897052544928126,45.18926403111107,8.312659634802909,33.00331708746123,36.88891919240347,9.963053380016655,47.59929685640839,33.43307222448076,33.17457792358726,31.682829187213105,9.222825278755366,36.36434405248288,16.200226755782634,32.67317491741005,16.200226755782634,0.0,16.200226755782634,1.429039923179482,9.698267465724726,31.99140547849994,27.772068775689593,27.329956652220382,28.496368834198755,22.064562038689633,46.59342162554184,22.064562038689633,46.59342162554184,27.329956652220382,46.59342162554184,32.588070936263456,29.190258928733922,6.459582345758328,17.897052544928126,5.348928559505527,17.73642947755396,5.348928559505527,17.73642947755396,32.588070936263456,17.73642947755396,6.459582345758328,9.12252918742989,31.682829187213105,9.12252918742989,0.0,19.439674978386503,18.637881109313312,7.6643718541291666,10.703569498069326,31.039054267099022,27.329956652220382,31.039054267099022,28.932206755709142,31.039054267099022,32.67317491741005,21.131379123792872,9.519596973118777,8.194393304733005,6.258669089791389,21.593631714286616,1.429039923179482,21.593631714286616,28.932206755709142,7.93049397540138,22.292735157811535,7.93049397540138,6.459582345758328,23.17090998186638,9.519596973118777,26.358406938328624,22.064562038689633,33.263760755390194,32.67317491741005,33.263760755390194,27.329956652220382,35.09873048462939,45.18926403111107,35.09873048462939,31.682829187213105,17.70218941837652,45.18926403111107,25.891560361615586,9.519596973118777,33.07677747549276,28.932206755709142,34.70829577951599,9.519596973118777,45.6130486163952,27.329956652220382,12.205003992173847,5.348928559505527,0.5950818842643323,31.682829187213105,21.75817594395641,31.682829187213105,21.75817594395641,5.348928559505527,21.75817594395641,36.36434405248288,21.75817594395641,22.292735157811535
16.646597004695423,3.5092647058194695,30.039065177443415,11.662397975142683,23.32580387747895,28.595950619567354,6.756330364924436,32.11991409752916,27.20191709930664,16.999647535361742,15.8186126484736,7.331132384619466,31.59414153908659,0.0,23.43834848260083,0.0,16.200226755782634,0.0,17.197293569700115,7.687668365503234,24.100570913722088,22.246759360428573,13.64796463856462,19.62257425538666,7.846954433253136,30.795557591102952,7.846954433253136,30.795557591102952,13.64796463856462,30.795557591102952,16.608765819314097,24.22632671542363,9.74144271257851,3.5092647058194695,17.348546019179583,3.0023500999132304,17.348546019179583,3.0023500999132304,16.608765819314097,3.0023500999132304,9.74144271257851,15.23598854484918,15.8186126484736,15.23598854484918,16.200226755782634,17.03210797408284,11.239819883806328,8.562681250874729,20.98880867976833,18.19434673356602,13.64796463856462,18.19434673356602,19.46373456624669,18.19434673356602,23.43834848260083,5.845940506724583,14.093440940771716,19.64376953725158,22.39258769489291,15.79639638574286,17.197293569700115,15.79639638574286,19.46373456624669,11.33115625348165,16.646597004695423,11.33115625348165,9.74144271257851,16.131865790340278,14.093440940771716,16.213345976543582,7.846954433253136,18.695902857938407,23.43834848260083,18.695902857938407,13.64796463856462,19.35868860459809,30.039065177443415,19.35868860459809,15.8186126484736,15.6652512893724,30.039065177443415,18.94011874195047,14.093440940771716,16.972657964130043,19.46373456624669,20.961922329669626,14.093440940771716,29.973558960101716,13.64796463856462,13.939630774251121,17.348546019179583,16.166259648428518,15.8186126484736,17.3019333589973,15.8186126484736,17.3019333589973,17.348546019179583,17.3019333589973,31.59414153908659,17.3019333589973,16.646597004695423
22.19772961363391,18.695887139110763,45.82773422819194,9.738591441543594,34.42332242144288,36.78776060882538,10.763543912254013,48.29673483702979,33.182500920619866,34.11385929381733,32.80070133645415,10.400007849290601,35.95615697609793,17.197293569700115,32.703683372403916,17.197293569700115,1.429039923179482,17.197293569700115,0.0,10.973169504732523,33.42041219106085,27.541193784983985,28.62224737678645,28.55129862302632,23.292658035684696,47.36825803623937,23.292658035684696,47.36825803623937,28.62224737678645,47.36825803623937,33.68274796099751,28.886858815816186,7.509784637799038,18.695887139110763,6.428274278846669,18.568080577338375,6.428274278846669,18.568080577338375,33.68274796099751,18.568080577338375,7.509784637799038,8.617658188455911,32.80070133645415,8.617658188455911,1.429039923179482,19.150297914238347,18.83237854421615,8.74798169142285,9.520461316210964,32.38242153529899,28.62224737678645,32.38242153529899,30.348691932945254,32.38242153529899,32.703683372403916,22.277701856340567,10.91955594522123,6.99665926112788,5.618386724652826,23.022550790430653,0.0,23.022550790430653,30.348691932945254,8.119292218072271,22.19772961363391,8.119292218072271,7.509784637799038,23.174010777381714,10.91955594522123,27.758144971249386,23.292658035684696,34.52525889896868,32.703683372403916,34.52525889896868,28.62224737678645,36.24372193348575,45.82773422819194,36.24372193348575,32.80070133645415,17.452110567644997,45.82773422819194,27.320492420936503,10.91955594522123,33.97515779122704,30.348691932945254,36.02249501268306,10.91955594522123,46.34992688720209,28.62224737678645,13.61770995761754,6.428274278846669,1.9323581871033393,32.80070133645415,21.5738072482275,32.80070133645415,21.5738072482275,6.428274278846669,21.5738072482275,35.95615697609793,21.5738072482275,22.19772961363391
20.534423860077155,10.5493081309068,37.72425842172895,4.070697678756887,24.295009313664,34.19211079790667,5.189078011770965,39.79891045580755,31.904809950212577,24.379969697458186,22.222915916610376,1.4449913494550726,35.79831258136994,7.687668365503234,29.282860348744645,7.687668365503234,9.698267465724726,7.687668365503234,10.973169504732523,0.0,23.899393212346784,26.44486725399907,17.649668320870358,25.182296988810478,12.389720558196785,38.419636560870636,12.389720558196785,38.419636560870636,17.649668320870358,38.419636560870636,23.194412416505376,28.264615507661127,4.088203038210388,10.5493081309068,9.738863027131272,10.181096528891779,9.738863027131272,10.181096528891779,23.194412416505376,10.181096528891779,4.088203038210388,12.872105579151233,22.222915916610376,12.872105579151233,9.698267465724726,19.35649487581755,15.408157924042863,3.0725911421031262,17.621031033792473,21.488726992427964,17.649668320870358,21.488726992427964,20.172685513246037,21.488726992427964,29.282860348744645,11.656499982273179,6.750760501376031,15.596128247950855,15.483910279739428,13.795143777312894,10.973169504732523,13.795143777312894,20.172685513246037,8.789539237070393,20.534423860077155,8.789539237070393,4.088203038210388,20.651188234825714,6.750760501376031,17.300667912080204,12.389720558196785,23.56551822005177,29.282860348744645,23.56551822005177,17.649668320870358,25.555578807048477,37.72425842172895,25.555578807048477,22.222915916610376,17.63003466953425,37.72425842172895,17.914613804240993,6.750760501376031,24.471937447798847,20.172685513246037,25.06366033499008,6.750760501376031,37.63509998685281,17.649668320870358,7.492271936836664,9.738863027131272,9.480046499498462,22.222915916610376,20.667276708134825,22.222915916610376,20.667276708134825,9.738863027131272,20.667276708134825,35.79831258136994,20.667276708134825,20.534423860077155
40.630820914218134,26.987550871481773,42.33429873022101,23.70204434479121,3.6488522098023632,50.797861115184276,28.163669171904605,42.64957161782137,50.4577773783109,27.268164887401767,21.220925367886007,25.1920978864081,55.10833471537715,24.100570913722088,45.57943682434536,24.100570913722088,31.99140547849994,24.100570913722088,33.42041219106085,23.899393212346784,0.0,45.98010217385742,13.860336598086096,42.40702483200208,17.431866667405533,39.908604565523795,17.431866667405533,39.908604565523795,13.860336598086096,39.908604565523795,22.308100843982803,47.99006223656506,27.935147051990377,26.987550871481773,28.546805389731155,26.48158081476594,28.546805389731155,26.48158081476594,22.308100843982803,26.48158081476594,27.935147051990377,36.73145879632502,21.220925367886007,36.73145879632502,31.99140547849994,41.09300551238393,35.28626350064193,26.970443686618527,41.434853119822016,10.977708024418751,13.860336598086096,10.977708024418751,4.971812793034309,10.977708024418751,45.57943682434536,19.899135864737076,22.806701485595443,39.26558985853614,35.79002027130479,10.399160091673025,33.42041219106085,10.399160091673025,4.971812793034309,32.56827503530867,40.630820914218134,32.56827503530867,27.935147051990377,39.906310687071304,22.806701485595443,8.11032901519377,17.431866667405533,15.943087555938675,45.57943682434536,15.943087555938675,13.860336598086096,21.51582236970965,42.33429873022101,21.51582236970965,21.220925367886007,39.64376431394466,42.33429873022101,6.102014388039148,22.806701485595443,28.33938285157536,4.971812793034309,13.66582509438066,22.806701485595443,40.18890130067133,13.860336598086096,20.058710561443256,28.546805389731155,31.52810524608422,21.220925367886007,41.37456183873056,21.220925367886007,41.37456183873056,28.546805389731155,41.37456183873056,55.10833471537715,41.37456183873056,40.630820914218134
