0.0,12.900555279933194,7.1414970133604845,28.76416648313292,21.459036629383537,28.76416648313292,12.895952853511833,25.202967755275754,9.366606773478834,27.756207468982943,12.045184320138997,27.756207468982943,32.260743820264516,10.587418023680904,22.702250180660638,10.587418023680904,21.459036629383537,8.640272104558765,12.045184320138997,10.666949145919494,33.57916409359366,35.21966519327704,19.812700935696448,32.255633015405074,22.663777807104356,4.165996463106066,18.942857142857143,6.569361165474842,28.397539991186214,30.369910457959698,15.509549395420219,14.776725217830416,34.67152074859723,33.587704747482846,19.85569162220038,15.092823000434644,22.702250180660638,29.03878560456265,28.397539991186214,29.03878560456265,30.48442519700571,23.98827264497792,21.339517811051007,8.825358638720628,6.926435606001228,31.323640417096986,16.195055934904758,25.020045514567318,31.635725091118367,23.603572887620732,0.0,4.706081172270618,28.397539991186214,4.706081172270618,32.260743820264516,23.237836844777306,34.67152074859723,30.587935196607127,34.67152074859723,16.123255862009906,21.459036629383537,25.849848379139285,9.366606773478834,18.78846193920131,19.812700935696448,14.152754978073625,21.459036629383537,14.152754978073625,30.48442519700571,23.70356315245556,33.57916409359366,29.160322497586773,21.459036629383537,29.160322497586773,6.926435606001228,24.652435902327532,7.1414970133604845,7.685450871747266,7.1414970133604845,20.197545213541698,9.366606773478834,10.121227641921301,19.85569162220038,10.121227641921301,12.895952853511833,10.121227641921301,22.663777807104356,11.731339502827982,28.397539991186214,15.097641388978744,34.67152074859723,41.244446008288335,33.57916409359366,26.17306170824639,12.895952853511833,12.532601078623637,15.509549395420219,10.03886651053427,6.926435606001228,25.749946700955338,0.0
12.900555279933194,0.0,9.70428056192162,31.646011451940137,15.108965847455996,31.646011451940137,14.257849395605046,17.092314062174257,16.614391597746373,23.977048208992002,24.925136562375364,23.977048208992002,24.31597509658947,14.416684212171303,28.736102586062962,14.416684212171303,15.108965847455996,11.578537498848673,24.925136562375364,20.369206049869515,33.24902993828144,35.759313786047116,20.70278064730949,34.93430382408485,22.347797042506482,14.718777677732978,18.33051654304084,12.638936922487282,15.512647111572003,17.79491328373112,4.2277219223905,24.721004536752194,24.13992475851859,24.282468354509497,9.571442217474283,26.240630281131214,28.736102586062962,16.608845442678298,15.512647111572003,16.608845442678298,25.0192526683279,17.035860376732085,15.171428571428567,16.641158711619397,19.71551548959367,18.93808601841317,28.639640289612004,17.12918025845167,29.819703115181262,11.543878314094108,12.900555279933194,9.945708950628521,15.512647111572003,9.945708950628521,24.31597509658947,13.782782515789439,24.13992475851859,27.485779625701966,24.13992475851859,14.517530570918423,15.108965847455996,13.011789944162967,16.614391597746373,6.235406472520538,20.70278064730949,21.3061991553862,15.108965847455996,21.3061991553862,25.0192526683279,16.65715951971722,33.24902993828144,25.645909090169226,15.108965847455996,25.645909090169226,19.71551548959367,21.871087988390485,9.70428056192162,8.303268105058981,9.70428056192162,12.431975888401487,16.614391597746373,18.87023701223594,9.571442217474283,18.87023701223594,14.257849395605046,18.87023701223594,22.347797042506482,4.241255108804374,15.512647111572003,20.21752725145351,24.13992475851859,30.272484981229663,33.24902993828144,29.842701086920155,14.257849395605046,25.013561056648726,4.2277219223905,15.098342117394129,19.71551548959367,25.926008373910584,12.900555279933194
7.1414970133604845,9.70428056192162,0.0,34.44700063955096,14.344515555800838,34.44700063955096,17.190311462078437,18.20040277643574,15.680401910717487,30.686695914067528,17.92142851449069,30.686695914067528,33.07692407287063,5.323733537237771,29.21195170557728,5.323733537237771,14.344515555800838,12.903561919256312,17.92142851449069,17.70379966134331,38.16729233364128,40.176877907166286,24.467764048866833,37.932370754019686,26.955707888221042,6.1977533783440855,22.916928953353704,11.931785708940705,23.98570594741623,27.247426839754155,10.440689632394982,21.895536028131023,33.73505655570073,33.54892619711683,18.87655883548132,22.19690215561898,29.21195170557728,26.167396445475696,23.98570594741623,26.167396445475696,32.64875482827384,25.166239776529906,14.216431998765026,15.287247987143013,12.13618640299181,28.49852412934783,22.76680505132193,17.991679709674415,35.562112377285665,18.10834332453369,7.1414970133604845,8.581725243985925,23.98570594741623,8.581725243985925,33.07692407287063,22.914562876841764,33.73505655570073,33.9124365845635,33.73505655570073,9.204501117188618,14.344515555800838,21.300570846044174,15.680401910717487,15.884066718262172,24.467764048866833,20.724721706115098,14.344515555800838,20.724721706115098,32.64875482827384,16.609155085466003,38.16729233364128,32.2560065597661,14.344515555800838,32.2560065597661,12.13618640299181,27.94478170409989,0.0,1.4194451344789338,0.0,20.749380320228106,15.680401910717487,16.941835671448572,18.87655883548132,16.941835671448572,17.190311462078437,16.941835671448572,26.955707888221042,11.108783066767026,23.98570594741623,21.08202058239994,33.73505655570073,39.95405728931107,38.16729233364128,32.06147411534566,17.190311462078437,19.16551494912949,10.440689632394982,5.647498272216988,12.13618640299181,30.35489349649696,7.1414970133604845
28.76416648313292,31.646011451940137,34.44700063955096,0.0,46.40833598589365,0.0,17.699217554480093,48.736500674127015,19.44229767222769,15.111649783649481,30.150119098150387,15.111649783649481,25.17949603165566,39.10760289357598,8.576124427973374,39.10760289357598,46.40833598589365,21.64434224041951,30.150119098150387,20.073634245864262,8.59635233511213,8.06051601123321,10.994386693922959,3.4961763370276158,10.257633096123776,32.74370978695366,13.63386420136362,22.59387599888654,41.35380208564595,38.33451048177805,35.850530522929645,18.881291031611372,33.082485408692115,29.118746328698666,27.80576184600477,21.90820254551957,8.576124427973374,36.74869227160975,41.35380208564595,36.74869227160975,19.000140923215298,21.67247704404113,46.41788430845884,20.051610958743844,30.972361082429735,37.89299736072078,27.48066303451077,48.76407677454243,11.116452230998954,41.6179498166209,28.76416648313292,25.865390318464758,41.35380208564595,25.865390318464758,25.17949603165566,26.46262516479128,33.082485408692115,13.789614548193692,33.082485408692115,43.42209914176824,46.40833598589365,40.18183689587288,19.44229767222769,32.392493461495995,10.994386693922959,15.332893812097613,46.40833598589365,15.332893812097613,19.000140923215298,48.17698595294442,8.59635233511213,14.554780405525229,46.40833598589365,14.554780405525229,30.972361082429735,13.656736395625119,34.44700063955096,34.079491229315316,34.44700063955096,23.59283806927995,19.44229767222769,19.46837687017548,27.80576184600477,19.46837687017548,17.699217554480093,19.46837687017548,10.257633096123776,27.40508637431514,41.35380208564595,13.677765660713295,33.082485408692115,38.551434818053295,8.59635233511213,2.9022102766332956,17.699217554480093,26.85007080141161,35.850530522929645,38.728309531706564,30.972361082429735,7.4107919100925965,28.76416648313292
21.459036629383537,15.108965847455996,14.344515555800838,46.40833598589365,0.0,46.40833598589365,28.733438388620545,4.364027347975443,29.193540800831194,38.86884949705213,31.712733552750617,38.86884949705213,37.54911102510298,13.540090133242336,42.47022025093895,13.540090133242336,0.0,25.15418575952101,31.712733552750617,31.822190178476113,48.3579945905155,50.85268423473387,35.60206597995145,49.77692998954107,37.413868431644545,19.97654869989267,33.359581556618075,25.119205758924455,18.952628378380126,24.74671629422657,11.27605228358049,36.11215183569212,34.856829038399994,36.418017967114324,23.03838004509086,36.53930732227742,42.47022025093895,24.48279695906445,18.952628378380126,24.48279695906445,39.43878128679631,31.3615394249396,0.2919323377015935,28.94113378030992,25.916779845324537,26.441516520774055,36.88066491941216,4.012234351305506,44.88027829227262,11.736849349508638,21.459036629383537,21.67470076059239,18.952628378380126,21.67470076059239,37.54911102510298,27.08358761994701,34.856829038399994,42.42091013081321,34.856829038399994,7.178457568393399,0.0,16.67942738702932,29.193540800831194,17.651782820290247,35.60206597995145,34.272288800017954,0.0,34.272288800017954,39.43878128679631,2.3145396686060558,48.3579945905155,40.547148066498224,0.0,40.547148066498224,25.916779845324537,36.931829975051635,14.344515555800838,13.840826918790594,14.344515555800838,26.871175665248686,29.193540800831194,30.84695069770979,23.03838004509086,30.84695069770979,28.733438388620545,30.84695069770979,37.413868431644545,19.22787517313001,18.952628378380126,33.98569158709384,34.856829038399994,39.667437939108964,48.3579945905155,44.39177861004518,28.733438388620545,33.35122920966959,11.27605228358049,14.789130040233559,25.916779845324537,40.99105208481978,21.459036629383537
28.76416648313292,31.646011451940137,34.44700063955096,0.0,46.40833598589365,0.0,17.699217554480093,48.736500674127015,19.44229767222769,15.111649783649481,30.150119098150387,15.111649783649481,25.17949603165566,39.10760289357598,8.576124427973374,39.10760289357598,46.40833598589365,21.64434224041951,30.150119098150387,20.073634245864262,8.59635233511213,8.06051601123321,10.994386693922959,3.4961763370276158,10.257633096123776,32.74370978695366,13.63386420136362,22.59387599888654,41.35380208564595,38.33451048177805,35.850530522929645,18.881291031611372,33.082485408692115,29.118746328698666,27.80576184600477,21.90820254551957,8.576124427973374,36.74869227160975,41.35380208564595,36.74869227160975,19.000140923215298,21.67247704404113,46.41788430845884,20.051610958743844,30.972361082429735,37.89299736072078,27.48066303451077,48.76407677454243,11.116452230998954,41.6179498166209,28.76416648313292,25.865390318464758,41.35380208564595,25.865390318464758,25.17949603165566,26.46262516479128,33.082485408692115,13.789614548193692,33.082485408692115,43.42209914176824,46.40833598589365,40.18183689587288,19.44229767222769,32.392493461495995,10.994386693922959,15.332893812097613,46.40833598589365,15.332893812097613,19.000140923215298,48.17698595294442,8.59635233511213,14.554780405525229,46.40833598589365,14.554780405525229,30.972361082429735,13.656736395625119,34.44700063955096,34.079491229315316,34.44700063955096,23.59283806927995,19.44229767222769,19.46837687017548,27.80576184600477,19.46837687017548,17.699217554480093,19.46837687017548,10.257633096123776,27.40508637431514,41.35380208564595,13.677765660713295,33.082485408692115,38.551434818053295,8.59635233511213,2.9022102766332956,17.699217554480093,26.85007080141161,35.850530522929645,38.728309531706564,30.972361082429735,7.4107919100925965,28.76416648313292
12.895952853511833,14.257849395605046,17.190311462078437,17.699217554480093,28.733438388620545,17.699217554480093,0.0,31.232808495724683,6.396146799249609,15.062914589094879,20.213863902716643,15.062914589094879,21.25872574751749,22.22398042931214,14.656491213584426,22.22398042931214,28.733438388620545,4.387399397067441,20.213863902716643,10.557133191567198,21.01975746961969,22.987855533755567,7.277662777994325,21.111795716313356,9.876562237573005,17.049517319159698,6.046983393665415,6.394653378935773,26.693415835737316,25.793443875116317,18.48240111620804,13.78994487269027,25.867730744646906,23.581905204228608,13.727404439771604,16.546693855602104,14.656491213584426,24.185825499702112,26.693415835737316,24.185825499702112,18.22037343643827,13.28121214040222,28.736138379740442,7.024828271559238,17.843573358609582,26.061946925566026,21.128771369671185,31.230903062871057,18.769181861634298,25.135731457794645,12.895952853511833,8.84180976949855,26.693415835737316,8.84180976949855,21.25872574751749,15.000039183622288,25.867730744646906,17.725747444014303,25.867730744646906,25.884743595801915,28.733438388620545,24.871473701444245,6.396146799249609,16.543922985649502,7.277662777994325,8.601974144559694,28.733438388620545,8.601974144559694,18.22037343643827,30.551822818794633,21.01975746961969,16.374686287694434,28.733438388620545,16.374686287694434,17.843573358609582,11.8517784767192,17.190311462078437,16.630515350292864,17.190311462078437,11.254399955899334,6.396146799249609,8.717492618351931,13.727404439771604,8.717492618351931,0.0,8.717492618351931,9.876562237573005,10.078950382670136,26.693415835737316,6.4313365481770886,25.867730744646906,32.52663235327165,21.01975746961969,15.675593924887158,0.0,18.30094544228884,18.48240111620804,22.081523904821054,17.843573358609582,13.181887387701384,12.895952853511833
25.202967755275754,17.092314062174257,18.20040277643574,48.736500674127015,4.364027347975443,48.736500674127015,31.232808495724683,0.0,32.3821265893545,40.022800440524406,35.84752198762226,40.022800440524406,37.58907917825851,17.853905077898567,45.389578953224714,17.853905077898567,4.364027347975443,27.99038027171303,35.84752198762226,35.30604619550571,50.0086614538738,52.64681954461508,37.79256292241765,52.02484335902042,39.338449799821305,24.054122647199808,35.37541449962683,28.262000449150005,16.985275736258583,23.19427937915656,12.911701384909005,39.654200384868,33.96373816593341,36.00427729691945,23.69731372014601,40.28697262472456,45.389578953224714,23.211485545403804,16.985275736258583,23.211485545403804,40.141225386256004,32.14181026866624,4.614995964798026,32.196115876779615,30.034408023234327,24.931974061679202,40.91405307196429,0.45646378133809734,46.28314913526899,10.342273069538336,25.202967755275754,24.890206581574798,16.985275736258583,24.890206581574798,37.58907917825851,27.466564757752955,33.96373816593341,43.60178464799114,33.96373816593341,11.541777884480968,4.364027347975443,15.11903787026307,32.3821265893545,18.16791071069639,37.79256292241765,37.409661962697086,4.364027347975443,37.409661962697086,40.141225386256004,2.3005944218565695,50.0086614538738,41.697130719080434,4.364027347975443,41.697130719080434,30.034408023234327,38.38929952952185,18.20040277643574,17.518037351628784,18.20040277643574,27.84570490457465,32.3821265893545,34.20463985711737,23.69731372014601,34.20463985711737,31.232808495724683,34.20463985711737,39.338449799821305,21.33206611882588,16.985275736258583,36.84742994942186,33.96373816593341,38.20955196314777,50.0086614538738,46.888885763720864,31.232808495724683,37.34287244507282,12.911701384909005,19.107088971886633,30.034408023234327,42.90775982338421,25.202967755275754
9.366606773478834,16.614391597746373,15.680401910717487,19.44229767222769,29.193540800831194,19.44229767222769,6.396146799249609,32.3821265893545,0.0,20.859166242362864,13.935550778860662,20.859166242362864,27.64290365444592,19.88136898337389,13.531894297004616,19.88136898337389,29.193540800831194,5.292924811597507,13.935550778860662,4.372604883749246,24.823922629066452,26.19305718884222,11.464560477348249,22.9254871089727,14.52983306785015,13.301465317469228,11.539982668964454,4.1260189836040775,31.009244177983373,31.051350754411143,20.528898893898777,8.328906143727423,32.130749719715844,29.962065812542065,19.075317099565595,10.574975466754001,13.531894297004616,29.49418981177583,31.009244177983373,29.49418981177583,24.32627000271307,19.66879720962798,29.1322115009962,0.7250840908305118,12.360190210543536,31.527918822943615,14.78943804040642,32.290213087319344,23.49294570630051,28.14196198721397,9.366606773478834,7.520870553170758,31.009244177983373,7.520870553170758,27.64290365444592,21.01119235268747,32.130749719715844,23.096575945541435,32.130749719715844,24.881822231320207,29.193540800831194,28.86698841944139,0.0,20.64504684382366,11.464560477348249,5.08981215322354,29.193540800831194,5.08981215322354,24.32627000271307,31.273805952833914,24.823922629066452,21.990390480148086,29.193540800831194,21.990390480148086,12.360190210543536,17.54333363708394,15.680401910717487,15.655568221132397,15.680401910717487,17.32118391579796,0.0,2.5413671397056175,19.075317099565595,2.5413671397056175,6.396146799249609,2.5413671397056175,14.52983306785015,13.139013102441236,31.009244177983373,5.766526914275282,32.130749719715844,38.81019054057733,24.823922629066452,16.81424177685727,6.396146799249609,11.905044720450169,20.528898893898777,19.396330391418402,12.360190210543536,17.15810750232159,9.366606773478834
27.756207468982943,23.977048208992002,30.686695914067528,15.111649783649481,38.86884949705213,15.111649783649481,15.062914589094879,40.022800440524406,20.859166242362864,0.0,34.719330850318485,0.0,10.097710389095184,35.993440218677485,19.70308004514284,35.993440218677485,38.86884949705213,19.121256896609136,34.719330850318485,24.18832843858916,11.093230147348462,14.188342441049615,10.17478756735571,16.754053789078835,7.423352012537248,31.83546732171269,9.319614601823973,21.414989981748008,28.812614584304445,24.598064632679325,27.592913020911578,25.79371731761873,18.010445948540703,14.007141035914502,16.49773565167817,29.068068742318662,19.70308004514284,23.13094296497615,28.812614584304445,23.13094296497615,4.208981650068368,8.310891796250244,38.96694737537317,21.572581236942643,32.880849087800236,23.837825541156484,34.45898502538331,40.175718527285525,6.643669996350522,31.044199694852455,27.756207468982943,23.30320324832303,28.812614584304445,23.30320324832303,10.097710389095184,13.543182636233158,18.010445948540703,3.5799030884157985,18.010445948540703,38.162464302409155,38.86884949705213,28.31025428990675,20.859166242362864,21.96541251465074,10.17478756735571,20.18052890631897,38.86884949705213,20.18052890631897,4.208981650068368,40.11604758035601,11.093230147348462,1.6790376252302304,38.86884949705213,1.6790376252302304,32.880849087800236,3.3298207342811983,30.686695914067528,29.752479299880132,30.686695914067528,12.192320098642222,20.859166242362864,22.599006660488783,16.49773565167817,22.599006660488783,15.062914589094879,22.599006660488783,7.423352012537248,20.330308328569288,28.812614584304445,17.06716719078967,18.010445948540703,23.476803314709418,11.093230147348462,15.696436616282677,15.062914589094879,32.286736267010795,27.592913020911578,36.10865236352922,32.880849087800236,8.001601880440017,27.756207468982943
12.045184320138997,24.925136562375364,17.92142851449069,30.150119098150387,31.712733552750617,30.150119098150387,20.213863902716643,35.84752198762226,13.935550778860662,34.719330850318485,0.0,34.719330850318485,41.43116484493482,18.51944372594294,21.987436858165996,18.51944372594294,31.712733552750617,17.449786619360836,0.0,10.738409413627972,37.200845283352336,37.90110482477753,24.9288620531565,33.31322958384735,28.011685608192966,11.816242021480605,25.41356732301926,14.910827185201319,40.43418961468027,42.14023236378116,27.473973138226658,11.380649527749696,45.23321770196621,43.48545823089623,30.987406000054996,8.922540134344006,21.987436858165996,40.740262389825574,40.43418961468027,40.740262389825574,38.258252411094524,33.297457156083624,31.532071137241864,13.248545241663633,5.817897789913256,42.978548042444785,5.651243677460811,35.58857555739034,36.69363599384749,35.537419887280755,12.045184320138997,15.635046973947693,40.43418961468027,15.635046973947693,41.43116484493482,33.802345529050285,45.23321770196621,36.73483493850467,45.23321770196621,25.153455558443895,31.712733552750617,37.89448250183175,13.935550778860662,30.66690405113683,24.9288620531565,15.404905659151144,31.712733552750617,15.404905659151144,38.258252411094524,34.02697801235163,37.200845283352336,35.768348566626244,31.712733552750617,35.768348566626244,5.817897789913256,31.391197518295677,17.92142851449069,18.949115966671567,17.92142851449069,30.336197816456554,13.935550778860662,12.152496342189892,30.987406000054996,12.152496342189892,20.213863902716643,12.152496342189892,28.011685608192966,23.268358124197725,40.43418961468027,18.168856960890686,45.23321770196621,51.914235395840066,37.200845283352336,27.249858865015526,20.213863902716643,3.4935275430254618,27.473973138226658,17.372617440520983,5.817897789913256,30.092985690275093,12.045184320138997
27.756207468982943,23.977048208992002,30.686695914067528,15.111649783649481,38.86884949705213,15.111649783649481,15.062914589094879,40.022800440524406,20.859166242362864,0.0,34.719330850318485,0.0,10.097710389095184,35.993440218677485,19.70308004514284,35.993440218677485,38.86884949705213,19.121256896609136,34.719330850318485,24.18832843858916,11.093230147348462,14.188342441049615,10.17478756735571,16.754053789078835,7.423352012537248,31.83546732171269,9.319614601823973,21.414989981748008,28.812614584304445,24.598064632679325,27.592913020911578,25.79371731761873,18.010445948540703,14.007141035914502,16.49773565167817,29.068068742318662,19.70308004514284,23.13094296497615,28.812614584304445,23.13094296497615,4.208981650068368,8.310891796250244,38.96694737537317,21.572581236942643,32.880849087800236,23.837825541156484,34.45898502538331,40.175718527285525,6.643669996350522,31.044199694852455,27.756207468982943,23.30320324832303,28.812614584304445,23.30320324832303,10.097710389095184,13.543182636233158,18.010445948540703,3.5799030884157985,18.010445948540703,38.162464302409155,38.86884949705213,28.31025428990675,20.859166242362864,21.96541251465074,10.17478756735571,20.18052890631897,38.86884949705213,20.18052890631897,4.208981650068368,40.11604758035601,11.093230147348462,1.6790376252302304,38.86884949705213,1.6790376252302304,32.880849087800236,3.3298207342811983,30.686695914067528,29.752479299880132,30.686695914067528,12.192320098642222,20.859166242362864,22.599006660488783,16.49773565167817,22.599006660488783,15.062914589094879,22.599006660488783,7.423352012537248,20.330308328569288,28.812614584304445,17.06716719078967,18.010445948540703,23.476803314709418,11.093230147348462,15.696436616282677,15.062914589094879,32.286736267010795,27.592913020911578,36.10865236352922,32.880849087800236,8.001601880440017,27.756207468982943
32.260743820264516,24.31597509658947,33.07692407287063,25.17949603165566,37.54911102510298,25.17949603165566,21.25872574751749,37.58907917825851,27.64290365444592,10.097710389095184,41.43116484493482,10.097710389095184,0.0,38.28733855829563,29.45227173248409,38.28733855829563,37.54911102510298,24.25745179005698,41.43116484493482,31.623850983401876,19.926999016307455,23.039451524083905,18.98999177870022,26.58075043857022,16.870679310809127,35.93146537620798,17.070404033811005,26.81752214276239,23.176591286758917,17.59472741059268,26.80511982774171,34.0865960848698,8.347779369878152,4.072105206932471,14.850504011236625,37.20722773760989,29.45227173248409,16.486830365786023,23.176591286758917,16.486830365786023,6.296681341656678,8.28312274742923,37.71518959955805,28.282888170505252,38.43981354411234,16.345127714398565,42.213567796650985,37.84478202514334,15.368731574338904,27.52346976227928,32.260743820264516,27.55467796130124,23.176591286758917,27.55467796130124,0.0,10.620965020146883,8.347779369878152,11.932426066677918,8.347779369878152,38.73158369483753,37.54911102510298,23.58021031219499,27.64290365444592,19.931548164778818,18.98999177870022,28.39036226235507,37.54911102510298,28.39036226235507,6.296681341656678,38.25650100816534,19.926999016307455,10.701990659761979,37.54911102510298,10.701990659761979,38.43981354411234,12.406703915255507,33.07692407287063,31.857116207548113,33.07692407287063,12.349807566872265,27.64290365444592,29.842134847307722,14.850504011236625,29.842134847307722,21.25872574751749,29.842134847307722,16.870679310809127,21.96920516336911,23.176591286758917,25.308367576510243,8.347779369878152,13.379909398430325,19.926999016307455,25.771695912455616,21.25872574751749,39.54033724423396,26.80511982774171,38.72442039196814,38.43981354411234,18.080838882471063,32.260743820264516
10.587418023680904,14.416684212171303,5.323733537237771,39.10760289357598,13.540090133242336,39.10760289357598,22.22398042931214,17.853905077898567,19.88136898337389,35.993440218677485,18.51944372594294,35.993440218677485,38.28733855829563,0.0,33.289018597484564,0.0,13.540090133242336,17.86214147181641,18.51944372594294,21.088919616998993,43.243515498315595,45.14968085859138,29.47544671728782,42.60353190302706,32.066606700836346,7.4361675448514495,28.070788651375718,16.525616478667292,27.237707356545563,31.247756229651994,13.99747615734745,24.934254775799694,38.55195317850383,38.60237996258146,23.87554465667875,24.58654485191244,33.289018597484564,30.321178696597872,27.237707356545563,30.321178696597872,37.97026763784785,30.448494081591864,13.323485478887362,19.379292967452844,12.876659473002828,32.62988738902431,23.94216500874811,17.535265923857786,40.77073139858433,20.618930869569397,10.587418023680904,13.420842760727183,27.237707356545563,13.420842760727183,38.28733855829563,27.99739288153926,38.55195317850383,39.194472746518116,38.55195317850383,6.651627390253868,13.540090133242336,24.539238050143954,19.88136898337389,20.33750571666816,29.47544671728782,24.73890103642027,13.540090133242336,24.73890103642027,37.97026763784785,15.830665152913614,43.243515498315595,37.55430745151966,13.540090133242336,37.55430745151966,12.876659473002828,33.2175316386282,5.323733537237771,6.436817568345654,5.323733537237771,25.993258152600937,19.88136898337389,20.692564769372932,23.87554465667875,20.692564769372932,22.22398042931214,20.692564769372932,32.066606700836346,16.352255040145355,27.237707356545563,25.528034049824115,38.55195317850383,44.605190509717175,43.243515498315595,36.604255356503046,22.22398042931214,20.604544773086406,13.99747615734745,1.255648462438629,12.876659473002828,35.40411321658913,10.587418023680904
22.702250180660638,28.736102586062962,29.21195170557728,8.576124427973374,42.47022025093895,8.576124427973374,14.656491213584426,45.389578953224714,13.531894297004616,19.70308004514284,21.987436858165996,19.70308004514284,29.45227173248409,33.289018597484564,0.0,33.289018597484564,42.47022025093895,17.39922306499075,21.987436858165996,12.708974813741921,16.792178937510993,16.63186712554044,11.00664882547576,11.423949065226875,12.58870630885526,26.32698623241241,13.689083987183482,17.428486182461313,41.03618313794074,39.289491350897435,32.91861578660504,10.607661459183781,36.443105671997934,32.992950638533905,27.58822641517018,13.453386190844295,0.0,37.65781616566934,41.03618313794074,37.65781616566934,23.911360804232867,23.754346884693913,42.42981816350094,13.955517671135949,23.564321006339135,39.226588234127576,18.95653546233314,45.34069235988208,18.0930655337387,39.790768696638516,22.702250180660638,20.89565212074082,41.03618313794074,20.89565212074082,29.45227173248409,27.554352669231914,36.443105671997934,19.78431289518779,36.443105671997934,38.41163471700538,42.47022025093895,39.37832201729728,13.531894297004616,31.103705402988854,11.00664882547576,8.55043715316381,42.47022025093895,8.55043715316381,23.911360804232867,44.46541237815279,16.792178937510993,19.82784683731649,42.47022025093895,19.82784683731649,23.564321006339135,17.045569656012063,29.21195170557728,29.15092325348568,29.21195170557728,24.046296163519102,13.531894297004616,12.658453334287191,27.58822641517018,12.658453334287191,14.656491213584426,12.658453334287191,12.58870630885526,24.65736467372499,41.03618313794074,8.54894193238352,36.443105671997934,42.58668374801049,16.792178937510993,5.788120134713651,14.656491213584426,18.587173984624286,32.91861578660504,32.70891733869202,23.564321006339135,12.058851605389973,22.702250180660638
10.587418023680904,14.416684212171303,5.323733537237771,39.10760289357598,13.540090133242336,39.10760289357598,22.22398042931214,17.853905077898567,19.88136898337389,35.993440218677485,18.51944372594294,35.993440218677485,38.28733855829563,0.0,33.289018597484564,0.0,13.540090133242336,17.86214147181641,18.51944372594294,21.088919616998993,43.243515498315595,45.14968085859138,29.47544671728782,42.60353190302706,32.066606700836346,7.4361675448514495,28.070788651375718,16.525616478667292,27.237707356545563,31.247756229651994,13.99747615734745,24.934254775799694,38.55195317850383,38.60237996258146,23.87554465667875,24.58654485191244,33.289018597484564,30.321178696597872,27.237707356545563,30.321178696597872,37.97026763784785,30.448494081591864,13.323485478887362,19.379292967452844,12.876659473002828,32.62988738902431,23.94216500874811,17.535265923857786,40.77073139858433,20.618930869569397,10.587418023680904,13.420842760727183,27.237707356545563,13.420842760727183,38.28733855829563,27.99739288153926,38.55195317850383,39.194472746518116,38.55195317850383,6.651627390253868,13.540090133242336,24.539238050143954,19.88136898337389,20.33750571666816,29.47544671728782,24.73890103642027,13.540090133242336,24.73890103642027,37.97026763784785,15.830665152913614,43.243515498315595,37.55430745151966,13.540090133242336,37.55430745151966,12.876659473002828,33.2175316386282,5.323733537237771,6.436817568345654,5.323733537237771,25.993258152600937,19.88136898337389,20.692564769372932,23.87554465667875,20.692564769372932,22.22398042931214,20.692564769372932,32.066606700836346,16.352255040145355,27.237707356545563,25.528034049824115,38.55195317850383,44.605190509717175,43.243515498315595,36.604255356503046,22.22398042931214,20.604544773086406,13.99747615734745,1.255648462438629,12.876659473002828,35.40411321658913,10.587418023680904
21.459036629383537,15.108965847455996,14.344515555800838,46.40833598589365,0.0,46.40833598589365,28.733438388620545,4.364027347975443,29.193540800831194,38.86884949705213,31.712733552750617,38.86884949705213,37.54911102510298,13.540090133242336,42.47022025093895,13.540090133242336,0.0,25.15418575952101,31.712733552750617,31.822190178476113,48.3579945905155,50.85268423473387,35.60206597995145,49.77692998954107,37.413868431644545,19.97654869989267,33.359581556618075,25.119205758924455,18.952628378380126,24.74671629422657,11.27605228358049,36.11215183569212,34.856829038399994,36.418017967114324,23.03838004509086,36.53930732227742,42.47022025093895,24.48279695906445,18.952628378380126,24.48279695906445,39.43878128679631,31.3615394249396,0.2919323377015935,28.94113378030992,25.916779845324537,26.441516520774055,36.88066491941216,4.012234351305506,44.88027829227262,11.736849349508638,21.459036629383537,21.67470076059239,18.952628378380126,21.67470076059239,37.54911102510298,27.08358761994701,34.856829038399994,42.42091013081321,34.856829038399994,7.178457568393399,0.0,16.67942738702932,29.193540800831194,17.651782820290247,35.60206597995145,34.272288800017954,0.0,34.272288800017954,39.43878128679631,2.3145396686060558,48.3579945905155,40.547148066498224,0.0,40.547148066498224,25.916779845324537,36.931829975051635,14.344515555800838,13.840826918790594,14.344515555800838,26.871175665248686,29.193540800831194,30.84695069770979,23.03838004509086,30.84695069770979,28.733438388620545,30.84695069770979,37.413868431644545,19.22787517313001,18.952628378380126,33.98569158709384,34.856829038399994,39.667437939108964,48.3579945905155,44.39177861004518,28.733438388620545,33.35122920966959,11.27605228358049,14.789130040233559,25.916779845324537,40.99105208481978,21.459036629383537
8.640272104558765,11.578537498848673,12.903561919256312,21.64434224041951,25.15418575952101,21.64434224041951,4.387399397067441,27.99038027171303,5.292924811597507,19.121256896609136,17.449786619360836,19.121256896609136,24.25745179005698,17.86214147181641,17.39922306499075,17.86214147181641,25.15418575952101,0.0,17.449786619360836,9.525337210807388,25.39234466028962,27.300483063678637,11.613308340530912,25.110406331289205,14.263949134021727,12.755587491170214,10.386605188748572,2.569599349378526,25.716371343990982,25.88869424663821,15.65281796367931,13.62090350325183,27.80188805804089,26.076517233334823,14.037938100819824,15.725616694049341,17.39922306499075,24.35456458913874,25.716371343990982,24.35456458913874,21.960756092704667,16.007546179657815,25.12955752146244,5.53371853425222,14.20730252011124,26.441827717864445,19.41782559970112,27.943277823301333,23.13412533687065,23.021682769750356,8.640272104558765,4.456945050555759,25.716371343990982,4.456945050555759,24.25745179005698,16.421622381258587,27.80188805804089,21.960428232693125,27.80188805804089,21.778581502129516,25.15418575952101,23.58539430431037,5.292924811597507,15.352134465704143,11.613308340530912,9.729685272926567,25.15418575952101,9.729685272926567,21.960756092704667,27.099387145717323,25.39234466028962,20.52011457182479,25.15418575952101,20.52011457182479,14.20730252011124,16.01408053901953,12.903561919256312,12.445820542639678,12.903561919256312,12.892568338672744,5.292924811597507,7.779344707726524,14.037938100819824,7.779344707726524,4.387399397067441,7.779344707726524,14.263949134021727,7.885732919232643,25.716371343990982,8.86033675132829,27.80188805804089,34.48951996991407,25.39234466028962,19.395065225516536,4.387399397067441,16.16385991485137,15.65281796367931,17.698603196355375,14.20730252011124,17.546625002535155,8.640272104558765
12.045184320138997,24.925136562375364,17.92142851449069,30.150119098150387,31.712733552750617,30.150119098150387,20.213863902716643,35.84752198762226,13.935550778860662,34.719330850318485,0.0,34.719330850318485,41.43116484493482,18.51944372594294,21.987436858165996,18.51944372594294,31.712733552750617,17.449786619360836,0.0,10.738409413627972,37.200845283352336,37.90110482477753,24.9288620531565,33.31322958384735,28.011685608192966,11.816242021480605,25.41356732301926,14.910827185201319,40.43418961468027,42.14023236378116,27.473973138226658,11.380649527749696,45.23321770196621,43.48545823089623,30.987406000054996,8.922540134344006,21.987436858165996,40.740262389825574,40.43418961468027,40.740262389825574,38.258252411094524,33.297457156083624,31.532071137241864,13.248545241663633,5.817897789913256,42.978548042444785,5.651243677460811,35.58857555739034,36.69363599384749,35.537419887280755,12.045184320138997,15.635046973947693,40.43418961468027,15.635046973947693,41.43116484493482,33.802345529050285,45.23321770196621,36.73483493850467,45.23321770196621,25.153455558443895,31.712733552750617,37.89448250183175,13.935550778860662,30.66690405113683,24.9288620531565,15.404905659151144,31.712733552750617,15.404905659151144,38.258252411094524,34.02697801235163,37.200845283352336,35.768348566626244,31.712733552750617,35.768348566626244,5.817897789913256,31.391197518295677,17.92142851449069,18.949115966671567,17.92142851449069,30.336197816456554,13.935550778860662,12.152496342189892,30.987406000054996,12.152496342189892,20.213863902716643,12.152496342189892,28.011685608192966,23.268358124197725,40.43418961468027,18.168856960890686,45.23321770196621,51.914235395840066,37.200845283352336,27.249858865015526,20.213863902716643,3.4935275430254618,27.473973138226658,17.372617440520983,5.817897789913256,30.092985690275093,12.045184320138997
10.666949145919494,20.369206049869515,17.70379966134331,20.073634245864262,31.822190178476113,20.073634245864262,10.557133191567198,35.30604619550571,4.372604883749246,24.18832843858916,10.738409413627972,24.18832843858916,31.623850983401876,21.088919616998993,12.708974813741921,21.088919616998993,31.822190178476113,9.525337210807388,10.738409413627972,0.0,26.60580265081055,27.52028772986747,14.236170088036678,23.42460245126905,17.30655272857477,13.843215386784168,14.9757943470966,7.76488169614335,35.15314135235676,35.38646161042557,24.06612930223381,4.395429908624713,36.40931793721301,34.113320876521094,23.437520938766156,6.215012765350477,12.708974813741921,33.83762475380906,35.15314135235676,33.83762475380906,27.898234308841484,23.80850954030118,31.72844625948166,3.996933518463926,10.939251923831957,35.8861956291649,10.600400454507291,35.171298595558845,25.95673134354201,31.902861748675488,10.666949145919494,10.63798200903206,35.15314135235676,10.63798200903206,31.623850983401876,25.361053863379265,36.40931793721301,26.04614429532827,36.40931793721301,26.786607070835732,31.822190178476113,32.93581884916945,4.372604883749246,24.8047427986287,14.236170088036678,4.806882820391985,31.822190178476113,4.806882820391985,27.898234308841484,34.001032397291006,26.60580265081055,25.15259681485417,31.822190178476113,25.15259681485417,10.939251923831957,20.86194856573047,17.70379966134331,17.998938744225097,17.70379966134331,21.65612436353697,4.372604883749246,1.8553133846070435,23.437520938766156,1.8553133846070435,10.557133191567198,1.8553133846070435,17.30655272857477,17.20003607020423,35.15314135235676,7.430514031714777,36.40931793721301,43.0768209844047,26.60580265081055,17.229765417048796,10.557133191567198,8.098689236347992,24.06612930223381,20.372848678211547,10.939251923831957,19.366907184100175,10.666949145919494
33.57916409359366,33.24902993828144,38.16729233364128,8.59635233511213,48.3579945905155,8.59635233511213,21.01975746961969,50.0086614538738,24.823922629066452,11.093230147348462,37.200845283352336,11.093230147348462,19.926999016307455,43.243515498315595,16.792178937510993,43.243515498315595,48.3579945905155,25.39234466028962,37.200845283352336,26.60580265081055,0.0,3.1392030705845304,13.802331657501693,7.848227669418134,11.223807059013406,37.72968776408718,15.309751994152254,27.035351007183774,39.83858369747107,35.68108536831839,37.2183707108109,26.356489190500685,28.259234358535128,23.99767335661131,27.071198642069163,29.569063259440874,16.792178937510993,34.222402973872576,39.83858369747107,34.222402973872576,13.71673906627391,19.289911924133204,48.41870341940526,25.522214093704683,37.07369076499904,34.87978749233149,35.22364929117588,50.11389639855294,4.607698969759024,41.604672422060226,33.57916409359366,29.847919833170064,39.83858369747107,29.847919833170064,19.926999016307455,24.522993458451708,28.259234358535128,8.097709426694914,28.259234358535128,46.57502282361661,48.3579945905155,39.20622399568722,24.823922629066452,32.34848058129419,13.802331657501693,21.82673515088637,48.3579945905155,21.82673515088637,13.71673906627391,49.84030333710554,0.0,9.736690130320342,48.3579945905155,9.736690130320342,37.07369076499904,11.714480834611908,38.16729233364128,37.512559203008045,38.16729233364128,22.657831731556094,24.823922629066452,25.57439088986784,27.071198642069163,25.57439088986784,21.01975746961969,25.57439088986784,11.223807059013406,29.18688103394736,39.83858369747107,19.35649487581755,28.259234358535128,32.82439958572381,0.0,11.045176248813185,21.01975746961969,34.10875475622656,37.2183707108109,43.087871488247764,37.07369076499904,7.850754805775567,33.57916409359366
