0.0,36.83258051990251,29.541574992901516,26.692920409726618,39.02174087895733,26.692920409726618,32.05304022639821,4.944904613099534,23.66931984744843,4.944904613099534,16.16381446191411,34.74711675015612,26.1252305916979,34.74711675015612,22.40892096410512,24.185460972430928,9.945960106946922,24.185460972430928,34.94204227527845,47.632470489131244,8.229732061004075,26.497256846854224,46.13882087609884,41.33681424886172,26.1252305916979,20.04142974247219,13.490818646587094,14.550418466525986,39.02174087895733,17.750540779344824,10.204378412010708,34.21691096400094,27.38115186676814,30.323974754275845,51.20132651342828,28.433422127446267,33.86547456255321,33.746727732523354,11.790946371115872,31.05280821373783,34.354225833994,14.9969727557509,5.294701240343009,33.35079303282558,27.38115186676814,33.35079303282558,11.790946371115872,33.35079303282558,23.66931984744843,12.953978192833588,34.94204227527845,12.953978192833588,36.67530693498706,31.191578141203042,34.354225833994,31.191578141203042,9.945960106946922,29.094302408771746,8.229732061004075,16.25939226215709,22.40892096410512,41.073749102147005,29.541574992901516,41.073749102147005,32.05304022639821,41.073749102147005,46.13882087609884,41.073749102147005,5.294701240343009,41.073749102147005,11.790946371115872,22.989491832006152,34.94204227527845,22.989491832006152,13.490818646587094,2.966506913072364,34.94204227527845,2.966506913072364,22.40892096410512,2.966506913072364,34.354225833994,16.1241307311971,32.05304022639821,22.61324805849664,34.354225833994,42.554835500678365,34.354225833994,42.36441556450942,13.490818646587094,24.213580267852898,9.945960106946922,47.53272866013007,33.86547456255321,15.708554799138941,27.38115186676814,20.090667952447728,22.40892096410512,26.192939382004987,32.05304022639821,12.910836454667981,0.0
36.83258051990251,0.0,8.64090131353229,45.182357040720014,32.53909372444419,45.182357040720014,29.194814188656927,32.368329192188426,32.18569488300727,32.368329192188426,21.474006688676102,17.153431024677463,44.472103615637515,17.153431024677463,22.900271453698124,43.206883805283454,38.00821951920937,43.206883805283454,22.330991368727997,27.58675636117107,38.65605953502646,22.157545727202304,32.953017389945344,6.3642496391474,44.472103615637515,20.336349681477913,27.390026488128996,25.515027984723517,32.53909372444419,25.13145195867163,32.92747057347932,31.926062029863527,43.68896409476275,9.115761635984217,31.216822780190103,9.51459458958087,13.463114234751155,15.279066111005928,30.414081056816624,17.63363483661325,40.20825988855158,30.91925653197042,31.58488504435794,9.969555288630541,43.68896409476275,9.969555288630541,30.414081056816624,9.969555288630541,32.18569488300727,25.736584617137954,22.330991368727997,25.736584617137954,17.970596392270277,21.648143625931986,40.20825988855158,21.648143625931986,38.00821951920937,21.126406727706673,38.65605953502646,31.203550818351896,22.900271453698124,8.624833627499191,8.64090131353229,8.624833627499191,29.194814188656927,8.624833627499191,32.953017389945344,8.624833627499191,31.58488504435794,8.624833627499191,30.414081056816624,13.944995152237174,22.330991368727997,13.944995152237174,27.390026488128996,36.73849874172757,22.330991368727997,36.73849874172757,22.900271453698124,36.73849874172757,40.20825988855158,21.02875232841444,29.194814188656927,14.689358080471944,40.20825988855158,16.477175307753726,40.20825988855158,6.113177469656036,27.390026488128996,17.415767662245212,38.00821951920937,27.22774695199059,13.463114234751155,21.414111692802866,43.68896409476275,16.8014780690903,22.900271453698124,15.462486533411058,29.194814188656927,30.924654717357072,36.83258051990251
29.541574992901516,8.64090131353229,0.0,36.634169396165355,26.44705083670358,36.634169396165355,21.94581006916438,25.47392232003833,23.750901164428452,25.47392232003833,15.719355026494553,12.021103891719351,35.918151854641145,12.021103891719351,14.348991289300033,34.61309272161478,29.673894525770134,34.61309272161478,16.49293429419559,25.275920621518534,30.466792896328208,14.106832039975577,28.72661057455335,11.828621117908051,35.918151854641145,16.58379833894934,18.98807273323043,17.1341635098908,26.44705083670358,21.235018440379687,24.58917432281025,24.873015621802853,35.209308602199194,1.7034514782568666,29.195267159075552,1.110454953648114,8.538192706532074,9.961593184602059,25.143984390315076,10.861593072916726,32.51205114088859,22.325502942434536,24.247836680278706,13.277228626486782,35.209308602199194,13.277228626486782,25.143984390315076,13.277228626486782,23.750901164428452,20.048532950552463,16.49293429419559,20.048532950552463,13.589366791573415,14.704534910658529,32.51205114088859,14.704534910658529,29.673894525770134,13.637635799656831,30.466792896328208,22.575398565876156,14.348991289300033,11.67721800807723,0.0,11.67721800807723,21.94581006916438,11.67721800807723,28.72661057455335,11.67721800807723,24.247836680278706,11.67721800807723,25.143984390315076,6.898610330334361,16.49293429419559,6.898610330334361,18.98807273323043,29.89207525859163,16.49293429419559,29.89207525859163,14.348991289300033,29.89207525859163,32.51205114088859,14.833990752075218,21.94581006916438,6.9363355614047535,32.51205114088859,15.774055681816934,32.51205114088859,14.752840473644936,18.98807273323043,8.8284882104261,29.673894525770134,24.987259447443957,8.538192706532074,13.833520956026213,35.209308602199194,10.549140984469027,14.348991289300033,14.268336859448407,21.94581006916438,22.433051417904956,29.541574992901516
26.692920409726618,45.182357040720014,36.634169396165355,0.0,24.589150419795857,0.0,20.545362056698252,28.98151472781171,13.168269841260274,28.98151472781171,34.15397547601635,32.23807610606452,0.7373421657465109,32.23807610606452,22.28963042515052,2.605545107289922,16.7469658537337,2.605545107289922,28.50244758555564,38.51752423857727,18.56283317573597,23.579961053091374,32.74913028912184,46.22249651061125,0.7373421657465109,39.26840013267146,21.167347206371943,22.651948963317363,24.589150419795857,39.88976360943151,18.475681976311346,20.110215497277466,2.3736512819205906,36.08242808246876,40.62499803453683,35.925441158724546,34.281449734781745,32.879611199846345,36.33485087013708,29.40877003721918,13.22853316871974,16.467746583883915,26.491461235034713,47.65369566155474,2.3736512819205906,47.65369566155474,36.33485087013708,47.65369566155474,13.168269841260274,34.17644731420175,28.50244758555564,34.17644731420175,33.24378818758813,26.263148077463512,13.22853316871974,26.263148077463512,16.7469658537337,25.523417338849065,18.56283317573597,15.49256253424691,22.28963042515052,44.13481757579812,36.634169396165355,44.13481757579812,20.545362056698252,44.13481757579812,32.74913028912184,44.13481757579812,26.491461235034713,44.13481757579812,36.33485087013708,33.9533014234407,28.50244758555564,33.9533014234407,21.167347206371943,29.64953659685364,28.50244758555564,29.64953659685364,22.28963042515052,29.64953659685364,13.22853316871974,33.0042342367009,20.545362056698252,32.45206247965872,13.22853316871974,40.302889955628615,13.22853316871974,51.228232649664605,21.167347206371943,27.805904526388137,16.7469658537337,38.64969202823679,34.281449734781745,28.730635856776537,2.3736512819205906,34.01122119752448,22.28963042515052,43.32349694744299,20.545362056698252,17.890967736000537,26.692920409726618
39.02174087895733,32.53909372444419,26.44705083670358,24.589150419795857,0.0,24.589150419795857,7.004572267673537,37.99743578888728,16.0679882031933,37.99743578888728,35.2023176416971,15.395259275610309,24.22734565632439,15.395259275610309,18.241425830414972,24.455233570334013,31.837848865904284,24.455233570334013,10.215330615884966,14.423786476738018,33.81736107688004,14.816239298107178,8.241222417746991,30.24264808619288,24.22734565632439,39.00866465757764,26.07023355382572,25.774996902155436,0.0,42.303250417885934,28.995915264754384,5.071649894566974,22.227252990646505,24.951362320175082,16.080009137980955,26.505302049489906,19.082394920930845,17.27375737578686,42.61109139888442,15.586289108163792,12.355338926957852,24.110348358312528,35.37863762215837,39.71362178273395,22.227252990646505,39.71362178273395,42.61109139888442,39.71362178273395,16.0679882031933,38.04677851148558,10.215330615884966,38.04677851148558,14.884196248342858,11.914335046146583,12.355338926957852,11.914335046146583,31.837848865904284,13.560390097332622,33.81736107688004,22.945277225145386,18.241425830414972,27.215391203643332,26.44705083670358,27.215391203643332,7.004572267673537,27.215391203643332,8.241222417746991,27.215391203643332,35.37863762215837,27.215391203643332,42.61109139888442,28.92297215652891,10.215330615884966,28.92297215652891,26.07023355382572,41.22680008074795,10.215330615884966,41.22680008074795,18.241425830414972,41.22680008074795,12.355338926957852,33.769431413027725,7.004572267673537,27.411133742718935,12.355338926957852,20.164729765871204,12.355338926957852,37.36916769045774,26.07023355382572,20.810136462595256,31.837848865904284,14.632671300475353,19.082394920930845,29.378856203683874,22.227252990646505,31.585913160839304,18.241425830414972,39.50480952378082,7.004572267673537,26.13233324478177,39.02174087895733
26.692920409726618,45.182357040720014,36.634169396165355,0.0,24.589150419795857,0.0,20.545362056698252,28.98151472781171,13.168269841260274,28.98151472781171,34.15397547601635,32.23807610606452,0.7373421657465109,32.23807610606452,22.28963042515052,2.605545107289922,16.7469658537337,2.605545107289922,28.50244758555564,38.51752423857727,18.56283317573597,23.579961053091374,32.74913028912184,46.22249651061125,0.7373421657465109,39.26840013267146,21.167347206371943,22.651948963317363,24.589150419795857,39.88976360943151,18.475681976311346,20.110215497277466,2.3736512819205906,36.08242808246876,40.62499803453683,35.925441158724546,34.281449734781745,32.879611199846345,36.33485087013708,29.40877003721918,13.22853316871974,16.467746583883915,26.491461235034713,47.65369566155474,2.3736512819205906,47.65369566155474,36.33485087013708,47.65369566155474,13.168269841260274,34.17644731420175,28.50244758555564,34.17644731420175,33.24378818758813,26.263148077463512,13.22853316871974,26.263148077463512,16.7469658537337,25.523417338849065,18.56283317573597,15.49256253424691,22.28963042515052,44.13481757579812,36.634169396165355,44.13481757579812,20.545362056698252,44.13481757579812,32.74913028912184,44.13481757579812,26.491461235034713,44.13481757579812,36.33485087013708,33.9533014234407,28.50244758555564,33.9533014234407,21.167347206371943,29.64953659685364,28.50244758555564,29.64953659685364,22.28963042515052,29.64953659685364,13.22853316871974,33.0042342367009,20.545362056698252,32.45206247965872,13.22853316871974,40.302889955628615,13.22853316871974,51.228232649664605,21.167347206371943,27.805904526388137,16.7469658537337,38.64969202823679,34.281449734781745,28.730635856776537,2.3736512819205906,34.01122119752448,22.28963042515052,43.32349694744299,20.545362056698252,17.890967736000537,26.692920409726618
32.05304022639821,29.194814188656927,21.94581006916438,20.545362056698252,7.004572267673537,20.545362056698252,0.0,30.9978221749825,9.683999848266442,30.9978221749825,28.680512334250615,13.030781767391694,20.033047798116804,13.030781767391694,11.517257326574354,19.779455018183047,25.19839645043845,19.779455018183047,8.339396542548958,18.358623397772078,27.12506003002856,8.623129788362158,14.401030575366926,28.222938130795207,20.033047798116804,32.764377370702405,19.06908428609523,18.816868680489204,7.004572267673537,35.778756894251636,22.09240113149999,3.039124471129868,18.33350629479327,20.67986420829376,21.03593427001151,21.76155231557881,16.11466868845821,14.365877939742903,35.74862851657846,11.563197072203355,11.261343668696458,17.207509513972944,28.374665331119964,35.0977257243316,18.33350629479327,35.0977257243316,35.74862851657846,35.0977257243316,9.683999848266442,31.297740154450615,8.339396542548958,31.297740154450615,13.465395103973831,7.559844507633197,11.261343668696458,7.559844507633197,25.19839645043845,8.310608907183832,27.12506003002856,16.090560041495745,11.517257326574354,25.556021535729965,21.94581006916438,25.556021535729965,0.0,25.556021535729965,14.401030575366926,25.556021535729965,28.374665331119964,25.556021535729965,35.74862851657846,23.165703009370713,8.339396542548958,23.165703009370713,19.06908428609523,34.229757193865986,8.339396542548958,34.229757193865986,11.517257326574354,34.229757193865986,11.261343668696458,27.24142403901583,0.0,21.573589295757927,11.261343668696458,20.216662353976574,11.261343668696458,34.64512051516351,19.06908428609523,14.93249135138486,25.19839645043845,18.436056951484154,16.11466868845821,22.72117415764513,18.33350629479327,25.447905972149197,11.517257326574354,33.90143359800585,0.0,19.19088303952517,32.05304022639821
4.944904613099534,32.368329192188426,25.47392232003833,28.98151472781171,37.99743578888728,28.98151472781171,30.9978221749825,0.0,23.618813670116317,0.0,11.32774524099558,31.889483648170575,28.346060302868853,31.889483648170575,20.3772333945589,26.391404908818785,12.714696622573488,26.391404908818785,32.74252505441166,45.28777210286256,11.547772645026594,24.43006311235133,44.59413377729115,37.154646480649504,28.346060302868853,15.0969016959218,11.929384061284665,12.387360246539656,37.99743578888728,12.994692794226669,10.84027863185843,33.454464697006664,29.300031622188126,26.410289275050296,48.993568924077856,24.364366754482635,30.582568864752794,30.678003819794842,7.61160231461933,28.299222748394797,34.91628004591694,14.891697179903947,2.7430714202015456,28.46879451653143,29.300031622188126,28.46879451653143,7.61160231461933,28.46879451653143,23.618813670116317,8.012300747307613,32.74252505441166,8.012300747307613,33.86063200827769,29.010886063753407,34.91628004591694,29.010886063753407,12.714696622573488,26.86053777935055,11.547772645026594,16.241895938389376,20.3772333945589,37.12307385232125,25.47392232003833,37.12307385232125,30.9978221749825,37.12307385232125,44.59413377729115,37.12307385232125,2.7430714202015456,37.12307385232125,7.61160231461933,18.722401729762456,32.74252505441166,18.722401729762456,11.929384061284665,4.419134646105294,32.74252505441166,4.419134646105294,20.3772333945589,4.419134646105294,34.91628004591694,11.424720779868503,30.9978221749825,18.55501868410126,34.91628004591694,39.29940457564211,34.91628004591694,37.75526993895375,11.929384061284665,21.14901300345735,12.714696622573488,45.15263908484786,30.582568864752794,11.817883370000688,29.300031622188126,15.56685647162468,20.3772333945589,21.256126703823057,30.9978221749825,12.758720427173543,4.944904613099534
23.66931984744843,32.18569488300727,23.750901164428452,13.168269841260274,16.0679882031933,13.168269841260274,9.683999848266442,23.618813670116317,0.0,23.618813670116317,24.544698417543515,19.35139292565952,12.49422658507455,19.35139292565952,9.497900949629848,11.565141148983802,15.790544316011351,11.565141148983802,16.263142252294518,27.84232748891514,17.79638303081814,10.415029955770256,23.979916086387878,33.05424261879313,12.49422658507455,29.380501655877495,12.277541467647174,12.90929992252856,16.0679882031933,31.25786470830099,13.465165943186554,11.01613658712175,11.515317926083306,23.069986863402217,30.683822766921274,23.131254234238565,21.158161256477417,19.81954508425808,29.616274070110816,16.31752382175278,11.589192713692444,8.778498779194909,20.879817029458696,35.53973941309953,11.515317926083306,35.53973941309953,29.616274070110816,35.53973941309953,0.0,25.981978055441996,16.263142252294518,25.981978055441996,20.558574555525535,13.472202674320155,11.589192713692444,13.472202674320155,15.790544316011351,12.469976351384219,17.79638303081814,7.454127469163014,9.497900949629848,30.995769559929375,23.750901164428452,30.995769559929375,9.683999848266442,30.995769559929375,23.979916086387878,30.995769559929375,20.879817029458696,30.995769559929375,29.616274070110816,22.034620625789064,16.263142252294518,22.034620625789064,12.277541467647174,26.16879462728266,16.263142252294518,26.16879462728266,9.497900949629848,26.16879462728266,11.589192713692444,23.183158559961722,9.683999848266442,20.430258471798386,11.589192713692444,27.665857540827965,11.589192713692444,38.18173043191613,12.277541467647174,14.990514551896215,15.790544316011351,27.884489434458146,21.158161256477417,18.488378699571673,11.515317926083306,22.948370090181097,9.497900949629848,32.26251555914513,9.683999848266442,10.925865211151239,23.66931984744843
4.944904613099534,32.368329192188426,25.47392232003833,28.98151472781171,37.99743578888728,28.98151472781171,30.9978221749825,0.0,23.618813670116317,0.0,11.32774524099558,31.889483648170575,28.346060302868853,31.889483648170575,20.3772333945589,26.391404908818785,12.714696622573488,26.391404908818785,32.74252505441166,45.28777210286256,11.547772645026594,24.43006311235133,44.59413377729115,37.154646480649504,28.346060302868853,15.0969016959218,11.929384061284665,12.387360246539656,37.99743578888728,12.994692794226669,10.84027863185843,33.454464697006664,29.300031622188126,26.410289275050296,48.993568924077856,24.364366754482635,30.582568864752794,30.678003819794842,7.61160231461933,28.299222748394797,34.91628004591694,14.891697179903947,2.7430714202015456,28.46879451653143,29.300031622188126,28.46879451653143,7.61160231461933,28.46879451653143,23.618813670116317,8.012300747307613,32.74252505441166,8.012300747307613,33.86063200827769,29.010886063753407,34.91628004591694,29.010886063753407,12.714696622573488,26.86053777935055,11.547772645026594,16.241895938389376,20.3772333945589,37.12307385232125,25.47392232003833,37.12307385232125,30.9978221749825,37.12307385232125,44.59413377729115,37.12307385232125,2.7430714202015456,37.12307385232125,7.61160231461933,18.722401729762456,32.74252505441166,18.722401729762456,11.929384061284665,4.419134646105294,32.74252505441166,4.419134646105294,20.3772333945589,4.419134646105294,34.91628004591694,11.424720779868503,30.9978221749825,18.55501868410126,34.91628004591694,39.29940457564211,34.91628004591694,37.75526993895375,11.929384061284665,21.14901300345735,12.714696622573488,45.15263908484786,30.582568864752794,11.817883370000688,29.300031622188126,15.56685647162468,20.3772333945589,21.256126703823057,30.9978221749825,12.758720427173543,4.944904613099534
16.16381446191411,21.474006688676102,15.719355026494553,34.15397547601635,35.2023176416971,34.15397547601635,28.680512334250615,11.32774524099558,24.544698417543515,11.32774524099558,0.0,24.980531194822703,33.432219581153284,24.980531194822703,17.193747321011074,31.615002896777746,20.77823193751046,31.615002896777746,27.45504971953321,38.983324535456624,20.52927824610798,20.39416483172756,40.21748629740094,26.7735428346412,33.432219581153284,5.121441123714444,13.041027879859215,11.813530810222726,35.2023176416971,7.104364855495525,16.5087138400622,31.609578501796324,33.697834242767904,17.02907957055836,42.889825252664316,14.672523258646082,22.646908154968788,23.30193580466863,9.428072714083234,21.959591832941427,35.97809129263564,17.725846918542196,11.3699539603828,17.19928427556905,33.697834242767904,17.19928427556905,9.428072714083234,17.19928427556905,24.544698417543515,4.355938943744812,27.45504971953321,4.355938943744812,26.933659996671942,24.104125144455914,35.97809129263564,24.104125144455914,20.77823193751046,22.05593631044967,20.52927824610798,18.8275794232497,17.193747321011074,27.25583824371114,15.719355026494553,27.25583824371114,28.680512334250615,27.25583824371114,40.21748629740094,27.25583824371114,11.3699539603828,27.25583824371114,9.428072714083234,8.897274978374913,27.45504971953321,8.897274978374913,13.041027879859215,15.514285714285714,27.45504971953321,15.514285714285714,17.193747321011074,15.514285714285714,35.97809129263564,1.4391834419530531,28.680512334250615,9.503159517567116,35.97809129263564,31.021059864260614,35.97809129263564,26.589814836911223,13.041027879859215,14.885686865891936,20.77823193751046,38.76883958089253,22.646908154968788,6.121536421787042,33.697834242767904,5.175439644146579,17.193747321011074,10.347698945629784,28.680512334250615,16.299026138430005,16.16381446191411
34.74711675015612,17.153431024677463,12.021103891719351,32.23807610606452,15.395259275610309,32.23807610606452,13.030781767391694,31.889483648170575,19.35139292565952,31.889483648170575,24.980531194822703,0.0,31.61807026601938,0.0,13.018022044810944,30.87912550310865,31.267636264211284,30.87912550310865,5.228655737025202,14.008399812474028,32.72575469577689,9.533293753783024,16.70763823854838,15.261659042669438,31.61807026601938,27.383132004344336,21.58663532118417,20.24644004989217,15.395259275610309,31.589527585280923,26.69791828619465,15.355838084106844,30.271941342653616,10.349928127523297,17.928257026270007,12.429706352122723,3.757767465734223,2.067402984916296,33.97906726566958,3.737182175415709,24.285112597588487,22.624837354246825,29.84390738766064,24.90894896970786,30.271941342653616,24.90894896970786,33.97906726566958,24.90894896970786,19.35139292565952,28.852248524126487,5.228655737025202,28.852248524126487,1.9865753528756607,5.982955381919612,24.285112597588487,5.982955381919612,31.267636264211284,6.98959927028608,32.72575469577689,22.152631206873714,13.018022044810944,12.526127469723233,12.021103891719351,12.526127469723233,13.030781767391694,12.526127469723233,16.70763823854838,12.526127469723233,29.84390738766064,12.526127469723233,33.97906726566958,16.69907879654028,5.228655737025202,16.69907879654028,21.58663532118417,36.02860088364039,5.228655737025202,36.02860088364039,13.018022044810944,36.02860088364039,24.285112597588487,23.714941815364476,13.030781767391694,15.619880581737979,24.285112597588487,8.504947899635255,24.285112597588487,22.061445176264087,21.58663532118417,10.76081326112559,31.267636264211284,13.788911250326754,3.757767465734223,20.565156186608256,30.271941342653616,20.202266189308403,13.018022044810944,26.14542001489175,13.030781767391694,23.806516000490973,34.74711675015612
26.1252305916979,44.472103615637515,35.918151854641145,0.7373421657465109,24.22734565632439,0.7373421657465109,20.033047798116804,28.346060302868853,12.49422658507455,28.346060302868853,33.432219581153284,31.61807026601938,0.0,31.61807026601938,21.576204580083882,1.9561645104225602,16.18158590648579,1.9561645104225602,27.93602545759412,38.077099014863975,18.025492152696934,22.90893845695365,32.41173483635273,45.54638093555327,0.0,38.54550748062315,20.439699666310645,21.918951263456833,24.22734565632439,39.18992498599816,17.801856358141933,19.682986333897812,2.1712631515938794,35.37501574240653,40.23586703326233,35.20544392040318,33.62598849165354,32.23639874554279,35.677288265214095,28.75900143025321,13.061417243475656,15.73951429377926,25.841064614449678,46.917754526361534,2.1712631515938794,46.917754526361534,35.677288265214095,46.917754526361534,12.49422658507455,33.480070221563395,27.93602545759412,33.480070221563395,32.64563576795339,25.64806329960233,13.061417243475656,25.64806329960233,16.18158590648579,24.878131040768167,18.025492152696934,14.758725679186174,21.576204580083882,43.475921555523584,35.918151854641145,43.475921555523584,20.033047798116804,43.475921555523584,32.41173483635273,43.475921555523584,25.841064614449678,43.475921555523584,35.677288265214095,33.21723526073997,27.93602545759412,33.21723526073997,20.439699666310645,29.077363381580696,27.93602545759412,29.077363381580696,21.576204580083882,29.077363381580696,13.061417243475656,32.27880280004327,20.033047798116804,31.71701455441382,13.061417243475656,39.71419527225056,13.061417243475656,50.52180034602964,20.439699666310645,27.08967421324206,16.18158590648579,38.20352158145227,33.62598849165354,27.998127634190258,2.1712631515938794,33.27489069884991,21.576204580083882,42.588495140910375,20.033047798116804,17.177057313730536,26.1252305916979
34.74711675015612,17.153431024677463,12.021103891719351,32.23807610606452,15.395259275610309,32.23807610606452,13.030781767391694,31.889483648170575,19.35139292565952,31.889483648170575,24.980531194822703,0.0,31.61807026601938,0.0,13.018022044810944,30.87912550310865,31.267636264211284,30.87912550310865,5.228655737025202,14.008399812474028,32.72575469577689,9.533293753783024,16.70763823854838,15.261659042669438,31.61807026601938,27.383132004344336,21.58663532118417,20.24644004989217,15.395259275610309,31.589527585280923,26.69791828619465,15.355838084106844,30.271941342653616,10.349928127523297,17.928257026270007,12.429706352122723,3.757767465734223,2.067402984916296,33.97906726566958,3.737182175415709,24.285112597588487,22.624837354246825,29.84390738766064,24.90894896970786,30.271941342653616,24.90894896970786,33.97906726566958,24.90894896970786,19.35139292565952,28.852248524126487,5.228655737025202,28.852248524126487,1.9865753528756607,5.982955381919612,24.285112597588487,5.982955381919612,31.267636264211284,6.98959927028608,32.72575469577689,22.152631206873714,13.018022044810944,12.526127469723233,12.021103891719351,12.526127469723233,13.030781767391694,12.526127469723233,16.70763823854838,12.526127469723233,29.84390738766064,12.526127469723233,33.97906726566958,16.69907879654028,5.228655737025202,16.69907879654028,21.58663532118417,36.02860088364039,5.228655737025202,36.02860088364039,13.018022044810944,36.02860088364039,24.285112597588487,23.714941815364476,13.030781767391694,15.619880581737979,24.285112597588487,8.504947899635255,24.285112597588487,22.061445176264087,21.58663532118417,10.76081326112559,31.267636264211284,13.788911250326754,3.757767465734223,20.565156186608256,30.271941342653616,20.202266189308403,13.018022044810944,26.14542001489175,13.030781767391694,23.806516000490973,34.74711675015612
22.40892096410512,22.900271453698124,14.348991289300033,22.28963042515052,18.241425830414972,22.28963042515052,11.517257326574354,20.3772333945589,9.497900949629848,20.3772333945589,17.193747321011074,13.018022044810944,21.576204580083882,13.018022044810944,0.0,20.316773807846154,18.25678068051228,20.316773807846154,12.533163843115087,25.227541800701122,19.71256389996502,4.0938061726945305,24.263290488021664,24.45017390698137,21.576204580083882,21.464951974446763,8.928730055733752,8.009806234757948,18.241425830414972,24.280344280247487,13.714167856636434,14.418029529384524,20.87384849567535,13.822289009762011,28.800418364308243,13.67396214768516,13.43541831526367,12.618551939950342,24.39433992565003,9.3154039644241,19.633025071786257,9.658140269709678,17.962090692366974,26.10683232178027,20.87384849567535,26.10683232178027,24.39433992565003,26.10683232178027,9.497900949629848,19.813205243998667,12.533163843115087,19.813205243998667,14.785254651240907,8.782933357788101,19.633025071786257,8.782933357788101,18.25678068051228,6.703975062054832,19.71256389996502,9.339144740809829,0.0,22.81783190974165,14.348991289300033,22.81783190974165,11.517257326574354,22.81783190974165,24.263290488021664,22.81783190974165,17.962090692366974,22.81783190974165,24.39433992565003,12.811679620326037,12.533163843115087,12.811679620326037,8.928730055733752,24.110080202001377,12.533163843115087,24.110080202001377,0.0,24.110080202001377,19.633025071786257,15.755115787241543,11.517257326574354,11.176472372527817,19.633025071786257,21.42470365094024,19.633025071786257,28.96607220137915,8.928730055733752,5.528033196391657,18.25678068051228,25.133866574397018,13.43541831526367,11.203942454806352,20.87384849567535,14.368884750724106,0.0,23.382819438595494,11.517257326574354,10.793875814647894,22.40892096410512
24.185460972430928,43.206883805283454,34.61309272161478,2.605545107289922,24.455233570334013,2.605545107289922,19.779455018183047,26.391404908818785,11.565141148983802,26.391404908818785,31.615002896777746,30.87912550310865,1.9561645104225602,30.87912550310865,20.316773807846154,0.0,14.24567302727393,0.0,27.438480352993906,38.01783684492513,16.109506890184377,21.93190574929407,32.68673574827488,44.503164207613324,1.9561645104225602,36.73320690868031,18.662974367578656,20.19050898469933,24.455233570334013,37.2993275641089,15.870341997009415,19.728479362565775,3.5074218684477207,34.13902190055437,40.33851251393307,33.865821672462346,32.70923629153561,31.384681041578748,33.73193775177756,27.88114306795025,13.897952279059687,13.972059582595252,23.891534492538632,45.362024574189675,3.5074218684477207,45.362024574189675,33.73193775177756,45.362024574189675,11.565141148983802,31.582372763738874,27.438480352993906,31.582372763738874,32.00284936293859,24.947051193784528,13.897952279059687,24.947051193784528,14.24567302727393,24.03355817117696,16.109506890184377,13.051310982707712,20.316773807846154,42.52896866266808,34.61309272161478,42.52896866266808,19.779455018183047,42.52896866266808,32.68673574827488,42.52896866266808,23.891534492538632,42.52896866266808,33.73193775177756,31.664755144598015,27.438480352993906,31.664755144598015,18.662974367578656,27.134819862670764,27.438480352993906,27.134819862670764,20.316773807846154,27.134819862670764,13.897952279059687,30.482087346170896,19.779455018183047,30.19075679605212,13.897952279059687,39.10039198091528,13.897952279059687,49.2816833134186,18.662974367578656,25.79407620650406,14.24567302727393,38.12485867488025,32.70923629153561,26.259992383852662,3.5074218684477207,31.595792538286624,20.316773807846154,40.87869840972764,19.779455018183047,15.331398754030959,24.185460972430928
9.945960106946922,38.00821951920937,29.673894525770134,16.7469658537337,31.837848865904284,16.7469658537337,25.19839645043845,12.714696622573488,15.790544316011351,12.714696622573488,20.77823193751046,31.267636264211284,16.18158590648579,31.267636264211284,18.25678068051228,14.24567302727393,0.0,14.24567302727393,30.028086444364117,42.5330073985763,2.0827689575688044,21.92613648649688,39.59940630352729,41.24174544496073,16.18158590648579,25.68442838033367,10.695563070159285,12.539809587461683,31.837848865904284,24.975330849068005,5.086462224295358,26.801890886690078,17.489159324494445,29.916029421140273,45.74352279340781,28.654663900756297,31.46977091801993,30.82600810209139,20.308910681305004,27.572163424700054,25.27640894153265,8.686169161021304,10.603338711780111,37.106267692140854,17.489159324494445,37.106267692140854,20.308910681305004,37.106267692140854,15.790544316011351,19.33222581861801,30.028086444364117,19.33222581861801,32.99365430639346,26.4655623752214,25.27640894153265,26.4655623752214,0.0,24.634327467903773,2.0827689575688044,9.412115509668746,18.25678068051228,40.21201282589823,29.673894525770134,40.21201282589823,25.19839645043845,40.21201282589823,39.59940630352729,40.21201282589823,10.603338711780111,40.21201282589823,20.308910681305004,24.376063870032795,30.028086444364117,24.376063870032795,10.695563070159285,12.903835215365474,30.028086444364117,12.903835215365474,18.25678068051228,12.903835215365474,25.27640894153265,20.05384588286939,25.19839645043845,23.372882246094424,25.27640894153265,39.67586054774466,25.27640894153265,44.00664588028327,10.695563070159285,22.113209276127147,0.0,42.50763888132703,31.46977091801993,17.191858538273284,17.489159324494445,22.745477236010622,18.25678068051228,31.02928175982506,25.19839645043845,7.5601749250899735,9.945960106946922
24.185460972430928,43.206883805283454,34.61309272161478,2.605545107289922,24.455233570334013,2.605545107289922,19.779455018183047,26.391404908818785,11.565141148983802,26.391404908818785,31.615002896777746,30.87912550310865,1.9561645104225602,30.87912550310865,20.316773807846154,0.0,14.24567302727393,0.0,27.438480352993906,38.01783684492513,16.109506890184377,21.93190574929407,32.68673574827488,44.503164207613324,1.9561645104225602,36.73320690868031,18.662974367578656,20.19050898469933,24.455233570334013,37.2993275641089,15.870341997009415,19.728479362565775,3.5074218684477207,34.13902190055437,40.33851251393307,33.865821672462346,32.70923629153561,31.384681041578748,33.73193775177756,27.88114306795025,13.897952279059687,13.972059582595252,23.891534492538632,45.362024574189675,3.5074218684477207,45.362024574189675,33.73193775177756,45.362024574189675,11.565141148983802,31.582372763738874,27.438480352993906,31.582372763738874,32.00284936293859,24.947051193784528,13.897952279059687,24.947051193784528,14.24567302727393,24.03355817117696,16.109506890184377,13.051310982707712,20.316773807846154,42.52896866266808,34.61309272161478,42.52896866266808,19.779455018183047,42.52896866266808,32.68673574827488,42.52896866266808,23.891534492538632,42.52896866266808,33.73193775177756,31.664755144598015,27.438480352993906,31.664755144598015,18.662974367578656,27.134819862670764,27.438480352993906,27.134819862670764,20.316773807846154,27.134819862670764,13.897952279059687,30.482087346170896,19.779455018183047,30.19075679605212,13.897952279059687,39.10039198091528,13.897952279059687,49.2816833134186,18.662974367578656,25.79407620650406,14.24567302727393,38.12485867488025,32.70923629153561,26.259992383852662,3.5074218684477207,31.595792538286624,20.316773807846154,40.87869840972764,19.779455018183047,15.331398754030959,24.185460972430928
34.94204227527845,22.330991368727997,16.49293429419559,28.50244758555564,10.215330615884966,28.50244758555564,8.339396542548958,32.74252505441166,16.263142252294518,32.74252505441166,27.45504971953321,5.228655737025202,27.93602545759412,5.228655737025202,12.533163843115087,27.438480352993906,30.028086444364117,27.438480352993906,0.0,12.704985362495483,31.707826369229796,8.44788102884688,12.833406661156353,20.39790385389276,27.93602545759412,30.54742181579055,21.45748905940986,20.485714285714284,10.215330615884966,34.38538370070774,25.935052318734776,10.316881351276967,26.388648765586108,14.919851178335305,16.278900830366215,16.68577788637585,8.8693703616573,7.058611761529317,35.9032536755347,5.853651921350168,19.426246079330248,21.38192637510016,30.422819577093904,29.67715757333665,26.388648765586108,29.67715757333665,35.9032536755347,29.67715757333665,16.263142252294518,30.93750487940592,0.0,30.93750487940592,5.187945210794356,3.752563205629571,19.426246079330248,3.752563205629571,30.028086444364117,5.884895920914827,31.707826369229796,20.629973834403263,12.533163843115087,17.53982384199349,16.49293429419559,17.53982384199349,8.339396542548958,17.53982384199349,12.833406661156353,17.53982384199349,30.422819577093904,17.53982384199349,35.9032536755347,19.982336689982898,0.0,19.982336689982898,21.45748905940986,36.60090330099763,0.0,36.60090330099763,12.533163843115087,36.60090330099763,19.426246079330248,26.08643278622441,8.339396542548958,18.643990113356605,19.426246079330248,11.902193246693344,19.426246079330248,27.288461791364774,21.45748905940986,12.574317849798259,30.028086444364117,12.625385506338944,8.8693703616573,22.276758640120963,26.388648765586108,23.133413946417992,12.533163843115087,30.142354498178758,8.339396542548958,22.93602175351146,34.94204227527845
47.632470489131244,27.58675636117107,25.275920621518534,38.51752423857727,14.423786476738018,38.51752423857727,18.358623397772078,45.28777210286256,27.84232748891514,45.28777210286256,38.983324535456624,14.008399812474028,38.077099014863975,14.008399812474028,25.227541800701122,38.01783684492513,42.5330073985763,38.01783684492513,12.704985362495483,0.0,44.278858455502764,21.150214935946508,8.15628967266917,22.85900849529032,38.077099014863975,41.303586047801744,34.15580388126607,33.13643780197385,14.423786476738018,45.581902961054844,38.594297982146195,18.411923377229755,36.20287326515757,23.5783158769204,3.9397254643812265,25.914647973527185,16.83237405497307,15.79489868564518,47.90116763946877,17.188909571142023,26.773575763869744,33.95935529783947,43.03935095482092,36.93652846023672,36.20287326515757,36.93652846023672,47.90116763946877,36.93652846023672,27.84232748891514,42.80391551801622,12.704985362495483,42.80391551801622,12.080667639341995,16.44646081895396,26.773575763869744,16.44646081895396,42.5330073985763,18.539427373760457,44.278858455502764,33.12277273220627,25.227541800701122,19.668304140293895,25.275920621518534,19.668304140293895,18.358623397772078,19.668304140293895,8.15628967266917,19.668304140293895,43.03935095482092,19.668304140293895,47.90116763946877,30.64886374695792,12.704985362495483,30.64886374695792,34.15580388126607,49.232617361307305,12.704985362495483,49.232617361307305,25.227541800701122,49.232617361307305,26.773575763869744,37.705588607591025,18.358623397772078,29.619885763673384,26.773575763869744,11.229212631637651,26.773575763869744,30.488011159959182,34.15580388126607,24.487297831774757,42.5330073985763,0.39577359019252145,16.83237405497307,34.36718748326962,36.20287326515757,34.198964538567594,25.227541800701122,39.53260312962052,18.358623397772078,35.58972747915916,47.632470489131244
8.229732061004075,38.65605953502646,30.466792896328208,18.56283317573597,33.81736107688004,18.56283317573597,27.12506003002856,11.547772645026594,17.79638303081814,11.547772645026594,20.52927824610798,32.72575469577689,18.025492152696934,32.72575469577689,19.71256389996502,16.109506890184377,2.0827689575688044,16.109506890184377,31.707826369229796,44.278858455502764,0.0,23.49815520331721,41.52236751537215,42.150534893838945,18.025492152696934,25.28413360676806,11.652124970430528,13.417689207664237,33.81736107688004,24.19689843507946,6.0963528742475965,28.794943433647145,19.41731858997245,30.81460401186689,47.54384373976319,29.420943810385783,32.74384441293928,32.18715575999792,19.151916832717994,29.007137756357942,27.357234017005894,10.327529289452041,9.75089572023713,37.217048101478376,19.41731858997245,37.217048101478376,19.151916832717994,37.217048101478376,17.79638303081814,18.669980269547853,31.707826369229796,18.669980269547853,34.49393771049501,28.09735204315052,27.357234017005894,28.09735204315052,2.0827689575688044,26.210845550836318,0.0,11.185474545870932,19.71256389996502,41.258284511311494,30.466792896328208,41.258284511311494,27.12506003002856,41.258284511311494,41.52236751537215,41.258284511311494,9.75089572023713,41.258284511311494,19.151916832717994,24.86138682982188,31.707826369229796,24.86138682982188,11.652124970430528,11.194167577587093,31.707826369229796,11.194167577587093,19.71256389996502,11.194167577587093,27.357234017005894,19.93546240307683,27.12506003002856,23.96957663542752,27.357234017005894,41.0725291777999,27.357234017005894,44.5905881896846,11.652124970430528,23.2467825291842,2.0827689575688044,44.24308731892705,32.74384441293928,17.509529999869404,19.41731858997245,22.945911200393123,19.71256389996502,30.86145208005929,27.12506003002856,8.91937766658547,8.229732061004075
